时间	A1	黑马线	趋势线  三条线的顺序一致，三条线各自的abs差值之和最小者为最类似的k线
2002-10-18	7.414	7.052	10.667
2002-10-21	8.422	7.509	13.370
2002-10-22	11.597	8.872	20.262
2002-10-23	14.226	10.656	29.143
2002-10-24	15.057	12.123	33.193
2002-10-25	14.066	12.771	30.890
2002-10-28	11.529	12.357	23.425
2002-10-29	11.363	12.025	18.780
2002-10-30	11.116	11.722	18.918
2002-10-31	10.706	11.384	18.444
2002-11-01	10.693	11.153	18.389
2002-11-04	12.713	11.673	23.657
2002-11-05	16.872	13.406	39.634
2002-11-06	19.653	15.488	57.957
2002-11-07	22.038	17.672	71.769
2002-11-08	20.859	18.734	72.981
2002-11-11	18.202	18.557	59.205
2002-11-12	15.004	17.372	41.995
2002-11-13	14.488	16.411	31.451
2002-11-14	11.682	14.835	23.263
2002-11-15	10.385	13.352	14.343
2002-11-18	8.630	11.778	8.800
2002-11-19	8.595	10.717	6.375
2002-11-20	7.033	9.489	4.638
2002-11-21	5.719	8.232	0.607
2002-11-22	5.885	7.450	-0.061
2002-11-25	6.211	7.037	2.047
2002-11-26	4.979	6.351	1.654
2002-11-27	5.570	6.091	1.608
2002-11-28	8.614	6.932	7.900
2002-11-29	12.449	8.771	17.691
2002-12-02	13.014	10.185	22.418
2002-12-03	14.411	11.594	23.212
2002-12-04	15.932	13.040	25.463
2002-12-05	16.462	14.180	26.546
2002-12-06	17.008	15.123	26.334
2002-12-09	17.129	15.792	26.937
2002-12-10	15.974	15.852	26.176
2002-12-11	14.706	15.470	23.733
2002-12-12	14.040	14.994	22.817
2002-12-13	14.534	14.840	25.362
2002-12-16	16.037	15.239	32.434
2002-12-17	17.882	16.120	41.916
2002-12-18	19.007	17.082	49.810
2002-12-19	20.104	18.090	56.255
2002-12-20	22.350	19.510	64.987
2002-12-23	24.763	21.261	74.252
2002-12-24	26.874	23.132	80.852
2002-12-25	27.717	24.660	83.051
2002-12-26	24.994	24.771	71.534
2002-12-27	22.708	24.084	52.332
2002-12-30	19.369	22.512	36.632
2002-12-31	16.292	20.439	23.902
2003-01-02	13.282	18.053	13.802
2003-01-03	11.169	15.758	6.249
2003-01-06	10.694	14.070	4.647
2003-01-07	10.114	12.752	6.131
2003-01-08	12.711	12.738	13.667
2003-01-09	16.725	14.067	29.880
2003-01-10	18.978	15.704	43.331
2003-01-13	20.892	17.433	50.766
2003-01-14	28.585	21.150	63.460
2003-01-15	34.209	25.503	77.619
2003-01-16	40.674	30.560	88.236
2003-01-17	45.315	35.478	96.557
2003-01-20	49.334	40.097	100.627
2003-01-21	50.424	43.539	100.089
2003-01-22	51.727	46.268	96.588
2003-01-23	52.010	48.182	93.188
2003-01-24	54.414	50.260	92.597
2003-01-27	60.736	53.752	96.281
2003-01-28	66.930	58.145	99.915
2003-01-29	72.654	62.981	101.655
2003-02-10	75.236	67.066	99.712
2003-02-11	78.582	70.905	97.334
2003-02-12	82.834	74.881	98.458
2003-02-13	84.826	78.196	99.105
2003-02-14	87.058	81.150	98.476
2003-02-17	87.453	83.251	96.396
2003-02-18	87.763	84.755	92.343
2003-02-19	89.392	86.301	91.293
2003-02-20	90.569	87.723	92.382
2003-02-21	88.561	88.003	82.733
2003-02-24	87.250	87.752	66.861
2003-02-25	89.027	88.177	65.355
2003-02-26	90.632	88.995	73.562
2003-02-27	91.469	89.820	78.793
2003-02-28	91.972	90.537	80.838
2003-03-03	93.558	91.544	85.196
2003-03-04	94.346	92.478	90.246
2003-03-05	94.323	93.093	88.964
2003-03-06	92.578	92.921	77.466
2003-03-07	90.700	92.181	60.355
2003-03-10	86.980	90.447	40.035
2003-03-11	84.062	88.319	21.150
2003-03-12	82.228	86.289	13.067
2003-03-13	79.811	84.130	8.062
2003-03-14	78.006	82.088	2.640
2003-03-17	76.858	80.345	2.124
2003-03-18	75.079	78.590	1.982
2003-03-19	74.580	77.253	2.817
2003-03-20	73.683	76.063	5.368
2003-03-21	73.893	75.340	8.853
2003-03-24	74.346	75.009	15.224
2003-03-25	73.300	74.439	16.566
2003-03-26	71.901	73.593	11.834
2003-03-27	74.732	73.973	19.351
2003-03-28	76.318	74.754	35.114
2003-03-31	79.295	76.268	48.886
2003-04-01	82.775	78.437	66.017
2003-04-02	85.392	80.755	81.227
2003-04-03	86.504	82.671	89.350
2003-04-04	88.153	84.499	94.333
2003-04-07	88.514	85.837	97.079
2003-04-08	89.517	87.064	97.152
2003-04-09	91.404	88.510	100.138
2003-04-10	91.594	89.538	102.556
2003-04-11	92.562	90.546	103.345
2003-04-14	93.981	91.691	104.978
2003-04-15	95.118	92.833	106.370
2003-04-16	91.828	92.498	102.516
2003-04-17	89.920	91.639	95.842
2003-04-18	87.343	90.207	90.646
2003-04-21	82.185	87.533	82.557
2003-04-22	77.760	84.275	73.337
2003-04-23	71.582	80.044	63.922
2003-04-24	62.851	74.313	50.814
2003-04-25	54.243	67.623	32.926
2003-04-28	52.346	62.531	22.774
2003-04-29	48.027	57.696	19.836
2003-04-30	45.770	53.721	16.447
2003-05-12	44.992	50.811	17.345
2003-05-13	39.774	47.132	14.181
2003-05-14	39.313	44.526	11.399
2003-05-15	42.139	43.730	18.266
2003-05-16	44.318	43.926	27.172
2003-05-19	46.159	44.670	33.618
2003-05-20	45.665	45.002	35.967
2003-05-21	45.068	45.024	35.048
2003-05-22	45.838	45.295	35.722
2003-05-23	47.919	46.170	39.508
2003-05-26	50.428	47.589	47.132
2003-05-27	52.321	49.166	55.453
2003-05-28	52.202	50.178	60.577
2003-05-29	53.721	51.359	69.665
2003-05-30	55.737	52.818	82.490
2003-06-02	57.375	54.337	91.738
2003-06-03	57.274	55.316	94.833
2003-06-04	58.367	56.333	95.872
2003-06-05	57.477	56.715	94.780
2003-06-06	55.055	56.161	86.516
2003-06-09	52.258	54.860	75.269
2003-06-10	50.864	53.528	67.270
2003-06-11	52.422	53.159	68.805
2003-06-12	53.300	53.206	72.131
2003-06-13	54.462	53.625	72.267
2003-06-16	54.694	53.981	70.867
2003-06-17	54.631	54.198	66.524
2003-06-18	54.254	54.216	61.491
2003-06-19	52.460	53.631	51.644
2003-06-20	50.108	52.457	34.547
2003-06-23	44.408	49.774	17.766
2003-06-24	39.968	46.505	8.049
2003-06-25	35.242	42.751	2.119
2003-06-26	32.969	39.490	2.923
2003-06-27	29.074	36.018	5.665
2003-06-30	24.706	32.247	2.174
2003-07-01	21.062	28.519	-1.792
2003-07-02	19.846	25.628	0.091
2003-07-03	19.412	23.556	7.117
2003-07-04	18.828	21.980	13.053
2003-07-07	18.263	20.741	16.911
2003-07-08	19.005	20.163	21.856
2003-07-09	18.613	19.646	25.748
2003-07-10	21.543	20.278	32.866
2003-07-11	24.749	21.768	43.404
2003-07-14	26.326	23.288	48.511
2003-07-15	29.387	25.321	51.826
2003-07-16	33.813	28.151	56.193
2003-07-17	39.160	31.821	63.828
2003-07-18	37.540	33.727	66.009
2003-07-21	34.176	33.877	56.994
2003-07-22	31.962	33.239	47.883
2003-07-23	30.304	32.260	43.536
2003-07-24	27.324	30.615	38.784
2003-07-25	23.006	28.078	29.268
2003-07-28	19.345	25.167	19.062
2003-07-29	17.591	22.642	13.719
2003-07-30	16.589	20.624	12.876
2003-07-31	15.293	18.847	12.426
2003-08-01	14.293	17.329	11.630
2003-08-04	16.453	17.037	16.236
2003-08-05	18.173	17.416	24.462
2003-08-06	18.178	17.670	28.004
2003-08-07	18.372	17.904	28.543
2003-08-08	15.788	17.199	24.732
2003-08-11	14.584	16.327	18.995
2003-08-12	14.434	15.696	17.788
2003-08-13	12.066	14.486	14.724
2003-08-14	10.308	13.094	9.245
2003-08-15	8.703	11.630	5.468
2003-08-18	7.334	10.198	2.832
2003-08-19	6.953	9.117	2.751
2003-08-20	6.810	8.348	4.676
2003-08-21	6.642	7.779	6.425
2003-08-22	6.192	7.250	7.035
2003-08-25	5.333	6.611	5.869
2003-08-26	5.222	6.148	5.271
2003-08-27	5.151	5.816	6.163
2003-08-28	4.225	5.286	5.122
2003-08-29	5.259	5.277	6.036
2003-09-01	9.625	6.726	16.547
2003-09-02	12.703	8.718	29.525
2003-09-03	15.626	11.021	37.921
2003-09-04	18.504	13.515	43.693
2003-09-05	18.526	15.185	44.280
2003-09-08	17.673	16.015	40.035
2003-09-09	16.144	16.058	33.969
2003-09-10	15.386	15.834	29.106
2003-09-11	14.897	15.521	27.342
2003-09-12	12.289	14.444	22.444
2003-09-15	10.281	13.056	14.846
2003-09-16	10.430	12.181	13.836
2003-09-17	8.740	11.034	13.065
2003-09-18	7.895	9.988	9.478
2003-09-19	7.333	9.103	8.496
2003-09-22	6.252	8.153	6.767
2003-09-23	7.072	7.792	7.772
2003-09-24	8.211	7.932	13.129
2003-09-25	6.980	7.615	13.444
2003-09-26	5.944	7.058	9.075
2003-09-29	4.979	6.365	5.668
2003-09-30	5.956	6.228	6.346
2003-10-08	7.209	6.555	11.181
2003-10-09	7.963	7.024	15.105
2003-10-10	13.253	9.101	25.009
2003-10-13	16.949	11.717	40.866
2003-10-14	18.645	14.026	50.066
2003-10-15	19.411	15.821	51.841
2003-10-16	17.767	16.470	46.856
2003-10-17	17.217	16.719	40.049
2003-10-20	15.288	16.242	34.137
2003-10-21	14.390	15.625	29.247
2003-10-22	18.201	16.483	38.752
2003-10-23	19.723	17.563	52.650
2003-10-24	20.294	18.474	56.749
2003-10-27	19.088	18.678	53.635
2003-10-28	18.105	18.487	47.088
2003-10-29	16.719	17.898	40.677
2003-10-30	13.965	16.587	30.465
2003-10-31	12.977	15.384	21.786
2003-11-03	14.290	15.019	22.608
2003-11-04	18.916	16.318	34.385
2003-11-05	22.311	18.316	48.185
2003-11-06	21.432	19.354	48.868
2003-11-07	18.957	19.222	38.479
2003-11-10	17.850	18.765	29.446
2003-11-11	17.487	18.339	25.381
2003-11-12	14.126	16.934	18.713
2003-11-13	12.938	15.602	11.703
2003-11-14	13.523	14.909	11.575
2003-11-17	13.595	14.471	13.428
2003-11-18	12.105	13.682	12.043
2003-11-19	13.905	13.757	13.415
2003-11-20	20.391	15.968	26.464
2003-11-21	23.575	18.504	40.089
2003-11-24	31.814	22.940	54.906
2003-11-25	39.286	28.389	72.395
2003-11-26	45.743	34.174	83.753
2003-11-27	48.302	38.883	87.580
2003-11-28	53.329	43.698	86.990
2003-12-01	62.644	50.014	92.243
2003-12-02	68.767	56.265	98.715
2003-12-03	72.809	61.779	100.372
2003-12-04	77.049	66.869	101.151
2003-12-05	80.222	71.320	102.032
2003-12-08	80.892	74.511	100.005
2003-12-09	82.294	77.105	97.157
2003-12-10	85.800	80.003	98.274
2003-12-11	88.003	82.670	100.644
2003-12-12	89.857	85.066	101.466
2003-12-15	91.288	87.140	101.799
2003-12-16	91.954	88.744	101.217
2003-12-17	90.507	89.332	97.942
2003-12-18	89.732	89.465	93.306
2003-12-19	87.839	88.923	87.350
2003-12-22	90.210	89.352	86.472
2003-12-23	91.528	90.077	90.724
2003-12-24	93.175	91.110	93.679
2003-12-25	93.374	91.865	94.877
2003-12-26	93.734	92.488	94.138
2003-12-29	92.337	92.437	90.688
2003-12-30	92.621	92.499	87.020
2003-12-31	91.504	92.167	83.407
2004-01-02	92.376	92.237	81.834
2004-01-05	93.866	92.780	86.635
2004-01-06	94.059	93.206	90.064
2004-01-07	94.705	93.706	91.525
2004-01-08	95.347	94.253	93.696
2004-01-09	93.882	94.129	91.996
2004-01-12	95.068	94.442	91.432
2004-01-13	95.130	94.671	93.587
2004-01-14	93.913	94.419	91.388
2004-01-15	92.569	93.802	87.053
2004-01-16	92.365	93.323	84.910
2004-01-29	93.871	93.506	87.791
2004-01-30	92.425	93.145	87.944
2004-02-02	92.399	92.897	84.705
2004-02-03	93.861	93.218	87.119
2004-02-04	95.056	93.831	92.162
2004-02-05	96.020	94.560	95.730
2004-02-06	95.476	94.865	95.593
2004-02-09	96.261	95.331	95.238
2004-02-10	95.810	95.490	95.249
2004-02-11	94.776	95.252	91.893
2004-02-12	93.258	94.588	86.372
2004-02-13	91.780	93.652	78.520
2004-02-16	92.499	93.268	76.031
2004-02-17	93.383	93.306	80.316
2004-02-18	94.551	93.721	85.617
2004-02-19	95.042	94.161	89.582
2004-02-20	95.667	94.663	91.843
2004-02-23	93.711	94.346	88.107
2004-02-24	92.183	93.625	79.702
2004-02-25	88.934	92.061	69.157
2004-02-26	86.600	90.241	57.705
2004-02-27	85.671	88.717	53.529
2004-03-01	85.888	87.774	56.045
2004-03-02	85.855	87.135	58.245
2004-03-03	84.139	86.136	51.743
2004-03-04	83.234	85.169	42.662
2004-03-05	82.060	84.133	36.741
2004-03-08	79.451	82.572	26.441
2004-03-09	77.360	80.835	14.557
2004-03-10	78.415	80.028	15.311
2004-03-11	80.161	80.073	27.660
2004-03-12	81.765	80.637	40.071
2004-03-15	85.233	82.169	56.354
2004-03-16	88.033	84.124	74.581
2004-03-17	90.077	86.108	86.580
2004-03-18	89.647	87.288	88.677
2004-03-19	91.178	88.585	89.492
2004-03-22	92.616	89.928	95.266
2004-03-23	92.725	90.861	97.150
2004-03-24	92.691	91.471	95.568
2004-03-25	92.397	91.780	93.287
2004-03-26	91.981	91.847	90.260
2004-03-29	90.579	91.424	84.944
2004-03-30	89.796	90.881	79.469
2004-03-31	90.320	90.694	79.278
2004-04-01	92.065	91.151	84.790
2004-04-02	93.359	91.887	91.179
2004-04-05	93.924	92.566	94.658
2004-04-06	95.117	93.417	97.331
2004-04-07	95.286	94.040	98.908
2004-04-08	94.979	94.353	97.418
2004-04-09	90.520	93.075	86.051
2004-04-12	86.525	90.892	65.889
2004-04-13	82.558	88.114	45.744
2004-04-14	77.333	84.520	29.528
2004-04-15	71.318	80.119	16.307
2004-04-16	68.007	76.082	10.243
2004-04-19	61.591	71.252	9.176
2004-04-20	54.538	65.680	5.055
2004-04-21	46.579	59.313	0.573
2004-04-22	41.018	53.215	-1.140
2004-04-23	33.678	46.703	-2.316
2004-04-26	28.499	40.635	-3.907
2004-04-27	23.150	34.806	-4.551
2004-04-28	20.345	29.986	-4.251
2004-04-29	16.408	25.460	-3.857
2004-04-30	15.342	22.087	-2.805
2004-05-10	12.708	18.961	-1.438
2004-05-11	12.056	16.659	-0.562
2004-05-12	14.542	15.954	4.961
2004-05-13	16.010	15.973	11.662
2004-05-14	14.245	15.397	12.780
2004-05-17	11.599	14.131	9.149
2004-05-18	11.554	13.272	8.064
2004-05-19	11.740	12.761	10.635
2004-05-20	11.170	12.231	12.201
2004-05-21	11.436	11.966	13.676
2004-05-24	11.027	11.653	14.945
2004-05-25	8.949	10.752	12.107
2004-05-26	8.310	9.938	9.181
2004-05-27	10.186	10.021	13.702
2004-05-28	11.070	10.371	20.650
2004-05-31	12.301	11.014	25.971
2004-06-01	15.018	12.349	35.035
2004-06-02	16.273	13.657	45.334
2004-06-03	15.561	14.291	47.869
2004-06-04	14.886	14.490	44.973
2004-06-07	12.529	13.836	37.511
2004-06-08	10.375	12.682	25.847
2004-06-09	8.545	11.303	16.434
2004-06-10	7.572	10.060	10.729
2004-06-11	7.022	9.047	8.687
2004-06-14	6.039	8.044	6.807
2004-06-15	6.678	7.589	7.907
2004-06-16	7.850	7.676	13.999
2004-06-17	7.087	7.480	15.760
2004-06-18	6.544	7.168	12.841
2004-06-21	6.441	6.926	11.650
2004-06-22	7.285	7.045	13.790
2004-06-23	7.424	7.172	16.231
2004-06-24	6.839	7.061	15.106
2004-06-25	5.560	6.561	10.862
2004-06-28	4.696	5.939	6.415
2004-06-29	5.353	5.744	6.561
2004-06-30	5.424	5.637	8.605
2004-07-01	7.566	6.280	13.913
2004-07-02	9.676	7.412	23.141
2004-07-05	11.553	8.792	31.182
2004-07-06	13.605	10.397	39.575
2004-07-07	14.666	11.820	46.901
2004-07-08	15.675	13.105	51.652
2004-07-09	15.917	14.042	53.278
2004-07-12	14.102	14.062	47.028
2004-07-13	12.836	13.653	37.360
2004-07-14	12.211	13.173	31.698
2004-07-15	13.033	13.126	32.801
2004-07-16	16.384	14.212	47.068
2004-07-19	19.257	15.893	66.398
2004-07-20	21.409	17.732	77.601
2004-07-21	23.180	19.548	82.715
2004-07-22	21.260	20.119	76.366
2004-07-23	19.721	19.986	62.100
2004-07-26	16.774	18.915	47.356
2004-07-27	14.339	17.390	32.243
2004-07-28	13.334	16.038	23.898
2004-07-29	14.205	15.427	24.503
2004-07-30	13.204	14.686	24.644
2004-08-02	11.190	13.521	17.833
2004-08-03	9.188	12.077	9.758
2004-08-04	11.114	11.756	11.459
2004-08-05	11.228	11.580	17.647
2004-08-06	11.451	11.537	19.290
2004-08-09	12.126	11.733	21.996
2004-08-10	13.119	12.195	26.114
2004-08-11	12.457	12.282	26.801
2004-08-12	10.960	11.842	21.837
2004-08-13	9.787	11.157	16.275
2004-08-16	8.150	10.154	11.056
2004-08-17	7.825	9.378	8.279
2004-08-18	7.467	8.741	8.482
2004-08-19	6.620	8.034	7.202
2004-08-20	6.622	7.563	6.918
2004-08-23	5.545	6.891	6.132
2004-08-24	7.413	7.065	8.025
2004-08-25	8.374	7.501	13.329
2004-08-26	8.554	7.852	15.081
2004-08-27	7.522	7.742	13.106
2004-08-30	7.050	7.512	10.169
2004-08-31	9.168	8.064	12.911
2004-09-01	8.692	8.273	15.235
2004-09-02	9.978	8.842	15.711
2004-09-03	10.908	9.530	18.885
2004-09-06	10.961	10.007	20.110
2004-09-07	11.350	10.455	20.324
2004-09-08	9.957	10.289	18.166
2004-09-09	8.242	9.607	12.820
2004-09-10	8.243	9.152	10.769
2004-09-13	6.679	8.328	9.012
2004-09-14	9.290	8.649	12.378
2004-09-15	16.672	11.323	32.154
2004-09-16	24.118	15.588	57.886
2004-09-17	34.271	21.816	78.692
2004-09-20	47.073	30.235	93.665
2004-09-21	55.835	38.768	101.507
2004-09-22	60.113	45.883	101.412
2004-09-23	67.824	53.197	102.213
2004-09-24	69.136	58.510	101.478
2004-09-27	69.496	62.172	94.524
2004-09-28	70.476	64.940	89.195
2004-09-29	69.943	66.608	84.464
2004-09-30	67.549	66.921	77.454
2004-10-08	67.849	67.231	72.673
2004-10-11	67.263	67.242	70.728
2004-10-12	64.369	66.284	65.926
2004-10-13	62.247	64.938	60.258
2004-10-14	56.006	61.961	51.830
2004-10-15	50.809	58.243	41.148
2004-10-18	47.063	54.517	34.206
2004-10-19	44.254	51.096	29.934
2004-10-20	41.413	47.868	23.743
2004-10-21	37.447	44.395	13.976
2004-10-22	35.864	41.551	8.166
2004-10-25	33.060	38.721	5.745
2004-10-26	31.968	36.470	4.439
2004-10-27	32.615	35.185	7.600
2004-10-28	33.044	34.471	11.916
2004-10-29	31.596	33.513	12.954
2004-11-01	29.150	32.059	10.477
2004-11-02	26.876	30.331	7.509
2004-11-03	27.186	29.283	9.048
2004-11-04	25.578	28.048	10.813
2004-11-05	24.322	26.806	9.190
2004-11-08	23.241	25.618	8.144
2004-11-09	22.646	24.627	8.460
2004-11-10	26.137	25.130	19.837
2004-11-11	28.312	26.191	37.052
2004-11-12	30.487	27.623	50.362
2004-11-15	33.732	29.659	65.687
2004-11-16	36.357	31.892	80.120
2004-11-17	37.254	33.679	86.314
2004-11-18	38.958	35.439	89.380
2004-11-19	41.347	37.408	96.397
2004-11-22	43.517	39.445	102.525
2004-11-23	44.258	41.049	102.700
2004-11-24	43.827	41.975	97.000
2004-11-25	43.415	42.455	89.689
2004-11-26	42.950	42.620	83.723
2004-11-29	40.948	42.063	74.777
2004-11-30	39.629	41.252	64.960
2004-12-01	38.081	40.195	57.369
2004-12-02	36.687	39.026	50.288
2004-12-03	35.918	37.990	46.053
2004-12-06	35.118	37.032	44.799
2004-12-07	31.378	35.148	40.035
2004-12-08	28.646	32.981	32.474
2004-12-09	27.661	31.207	28.009
2004-12-10	24.827	29.081	19.681
2004-12-13	21.783	26.648	10.452
2004-12-14	19.140	24.145	6.039
2004-12-15	17.558	21.949	5.747
2004-12-16	15.514	19.804	7.036
2004-12-17	12.665	17.424	4.152
2004-12-20	10.528	15.126	0.233
2004-12-21	8.916	13.056	-1.821
2004-12-22	11.521	12.544	3.514
2004-12-23	10.619	11.902	9.434
2004-12-24	10.177	11.327	9.969
2004-12-27	9.465	10.707	10.129
2004-12-28	8.862	10.092	9.195
2004-12-29	7.679	9.288	7.226
2004-12-30	7.694	8.756	6.216
2004-12-31	6.535	8.016	5.318
2005-01-04	5.845	7.292	3.395
2005-01-05	6.812	7.132	4.548
2005-01-06	6.128	6.797	5.546
2005-01-07	6.276	6.623	5.286
2005-01-10	7.394	6.880	7.857
2005-01-11	8.950	7.570	13.667
2005-01-12	10.124	8.421	19.802
2005-01-13	10.983	9.275	23.695
2005-01-14	10.274	9.608	23.438
2005-01-17	8.518	9.245	18.154
2005-01-18	8.856	9.115	15.341
2005-01-19	8.310	8.847	15.073
2005-01-20	7.204	8.299	12.077
2005-01-21	10.332	8.977	15.691
2005-01-24	14.985	10.979	30.757
2005-01-25	18.551	13.503	46.380
2005-01-26	20.165	15.724	54.872
2005-01-27	19.834	17.094	55.119
2005-01-28	18.337	17.508	48.995
2005-01-31	14.933	16.650	37.023
2005-02-01	12.113	15.137	23.361
2005-02-02	16.212	15.496	30.072
2005-02-03	18.471	16.487	48.441
2005-02-04	22.948	18.641	64.027
2005-02-16	27.517	21.599	78.871
2005-02-17	31.058	24.752	86.846
2005-02-18	32.257	27.254	87.810
2005-02-21	36.902	30.470	89.614
2005-02-22	43.447	34.796	96.362
2005-02-23	49.367	39.653	100.788
2005-02-24	54.346	44.551	102.807
2005-02-25	58.633	49.245	102.468
2005-02-28	61.283	53.257	99.502
2005-03-01	63.089	56.534	95.713
2005-03-02	62.601	58.557	90.019
2005-03-03	63.044	60.053	84.503
2005-03-04	62.597	60.901	80.589
2005-03-07	62.968	61.590	77.729
2005-03-08	67.489	63.556	80.278
2005-03-09	72.329	66.481	85.466
2005-03-10	71.875	68.279	84.248
2005-03-11	72.036	69.531	79.250
2005-03-14	72.670	70.577	74.127
2005-03-15	69.728	70.294	63.017
2005-03-16	65.455	68.681	44.368
2005-03-17	60.321	65.895	24.397
2005-03-18	53.940	61.910	9.805
2005-03-21	49.350	57.723	2.100
2005-03-22	42.263	52.570	-2.531
2005-03-23	35.846	46.995	-5.871
2005-03-24	31.640	41.877	-5.175
2005-03-25	27.913	37.222	-2.514
2005-03-28	24.380	32.941	-1.003
2005-03-29	20.840	28.908	-0.752
2005-03-30	16.769	24.861	-2.259
2005-03-31	15.721	21.815	-1.905
2005-04-01	19.968	21.199	6.452
2005-04-04	20.891	21.096	15.277
2005-04-05	20.282	20.825	17.440
2005-04-06	22.571	21.407	20.504
2005-04-07	25.679	22.831	27.433
2005-04-08	30.932	25.531	38.200
2005-04-11	34.228	28.430	48.571
2005-04-12	34.287	30.382	51.908
2005-04-13	37.780	32.848	59.278
2005-04-14	38.909	34.868	70.691
2005-04-15	37.725	35.821	73.626
2005-04-18	34.468	35.370	67.459
2005-04-19	32.124	34.288	58.899
2005-04-20	28.361	32.312	49.611
2005-04-21	23.952	29.526	36.811
2005-04-22	20.021	26.357	24.533
2005-04-25	17.286	23.334	16.036
2005-04-26	15.907	20.858	12.470
2005-04-27	12.982	18.233	8.516
2005-04-28	13.848	16.771	8.330
2005-04-29	13.507	15.683	12.209
2005-05-09	10.848	14.072	9.319
2005-05-10	11.145	13.096	7.305
2005-05-11	10.356	12.183	8.353
2005-05-12	8.648	11.004	5.952
2005-05-13	8.137	10.049	4.076
2005-05-16	7.592	9.230	4.043
2005-05-17	7.495	8.651	4.479
2005-05-18	7.686	8.330	5.869
2005-05-19	7.881	8.180	7.453
2005-05-20	7.709	8.023	8.558
2005-05-23	6.277	7.441	7.000
2005-05-24	6.237	7.040	5.920
2005-05-25	6.077	6.719	7.215
2005-05-26	5.087	6.175	6.299
2005-05-27	4.207	5.519	3.869
2005-05-30	4.560	5.199	4.526
2005-05-31	4.883	5.094	7.582
2005-06-01	4.154	4.780	7.542
2005-06-02	3.818	4.459	5.643
2005-06-03	3.918	4.279	5.449
2005-06-06	5.585	4.714	8.963
2005-06-07	6.892	5.440	14.634
2005-06-08	14.556	8.479	31.349
2005-06-09	22.019	12.992	56.750
2005-06-10	26.210	17.398	72.191
2005-06-13	29.408	21.402	78.779
2005-06-14	30.965	24.589	80.571
2005-06-15	30.599	26.592	76.415
2005-06-16	31.335	28.173	71.905
2005-06-17	31.893	29.413	70.128
2005-06-20	34.683	31.170	72.717
2005-06-21	35.811	32.717	76.421
2005-06-22	36.756	34.063	76.722
2005-06-23	36.861	34.996	75.499
2005-06-24	37.585	35.859	74.340
2005-06-27	39.941	37.220	77.677
2005-06-28	40.572	38.337	80.710
2005-06-29	40.796	39.157	79.782
2005-06-30	39.096	39.136	74.990
2005-07-01	35.757	38.010	64.495
2005-07-04	32.437	36.152	52.386
2005-07-05	29.137	33.814	37.651
2005-07-06	26.076	31.235	21.663
2005-07-07	24.349	28.939	11.106
2005-07-08	21.324	26.401	3.827
2005-07-11	18.359	23.720	-2.069
2005-07-12	19.464	22.301	0.978
2005-07-13	19.644	21.416	8.763
2005-07-14	20.412	21.081	13.621
2005-07-15	19.526	20.563	15.408
2005-07-18	17.211	19.446	12.151
2005-07-19	15.618	18.170	8.143
2005-07-20	15.111	17.150	7.094
2005-07-21	14.695	16.332	7.654
2005-07-22	17.511	16.725	12.475
2005-07-25	20.376	17.942	20.112
2005-07-26	26.366	20.750	30.779
2005-07-27	33.466	24.989	47.700
2005-07-28	38.693	29.557	64.296
2005-07-29	42.400	33.838	76.669
2005-08-01	46.164	37.947	86.352
2005-08-02	51.212	42.368	95.740
2005-08-03	55.744	46.827	101.209
2005-08-04	58.679	50.778	101.072
2005-08-05	64.559	55.371	102.626
2005-08-08	70.591	60.445	105.231
2005-08-09	76.420	65.770	106.492
2005-08-10	81.125	70.888	108.002
2005-08-11	84.827	75.534	108.557
2005-08-12	85.372	78.814	105.817
2005-08-15	87.777	81.801	103.057
2005-08-16	88.615	84.073	101.803
2005-08-17	90.817	86.321	101.170
2005-08-18	87.375	86.672	96.385
2005-08-19	84.833	86.059	86.906
2005-08-22	83.499	85.206	80.542
2005-08-23	81.558	83.990	75.265
2005-08-24	81.744	83.241	71.890
2005-08-25	82.433	82.972	71.780
2005-08-26	82.922	82.955	72.284
2005-08-29	81.549	82.486	69.471
2005-08-30	79.637	81.536	62.756
2005-08-31	79.767	80.947	58.550
2005-09-01	82.112	81.335	62.365
2005-09-02	84.383	82.351	70.456
2005-09-05	86.947	83.883	77.992
2005-09-06	86.675	84.814	77.558
2005-09-07	88.580	86.069	76.565
2005-09-08	90.114	87.418	81.999
2005-09-09	90.611	88.482	83.659
2005-09-12	90.868	89.277	82.219
2005-09-13	92.671	90.408	85.425
2005-09-14	94.122	91.646	92.296
2005-09-15	95.143	92.812	96.589
2005-09-16	95.556	93.727	97.955
2005-09-19	96.413	94.622	99.017
2005-09-20	96.132	95.126	98.297
2005-09-21	93.664	94.638	88.760
2005-09-22	89.135	92.804	68.780
2005-09-23	84.786	90.131	45.962
2005-09-26	81.585	87.282	29.244
2005-09-27	77.015	83.860	15.367
2005-09-28	73.226	80.315	3.259
2005-09-29	72.361	77.664	1.327
2005-09-30	71.681	75.669	6.046
2005-10-10	69.614	73.651	6.309
2005-10-11	69.514	72.272	7.406
2005-10-12	69.833	71.459	13.752
2005-10-13	68.754	70.557	17.532
2005-10-14	65.820	68.978	15.491
2005-10-17	62.240	66.732	11.043
2005-10-18	59.170	64.212	9.871
2005-10-19	55.186	61.203	9.998
2005-10-20	52.182	58.196	9.698
2005-10-21	50.198	55.530	11.522
2005-10-24	48.284	53.115	14.032
2005-10-25	42.289	49.506	12.005
2005-10-26	34.233	44.415	6.800
2005-10-27	28.900	39.243	5.037
2005-10-28	24.844	34.443	6.404
2005-10-31	23.129	30.672	10.744
2005-11-01	21.392	27.579	15.807
2005-11-02	21.902	25.686	21.921
2005-11-03	21.091	24.155	27.269
2005-11-04	21.053	23.121	29.866
2005-11-07	21.101	22.447	32.684
2005-11-08	22.355	22.417	36.645
2005-11-09	23.103	22.645	40.817
2005-11-10	21.159	22.150	38.849
2005-11-11	19.846	21.382	34.083
2005-11-14	18.598	20.454	31.524
2005-11-15	17.453	19.454	29.239
2005-11-16	17.611	18.839	29.440
2005-11-17	17.663	18.447	31.939
2005-11-18	20.482	19.126	39.692
2005-11-21	23.113	20.455	52.019
2005-11-22	22.493	21.134	56.126
2005-11-23	22.905	21.724	58.700
2005-11-24	24.211	22.553	68.576
2005-11-25	25.454	23.520	78.558
2005-11-28	25.924	24.321	83.444
2005-11-29	24.528	24.390	78.187
2005-11-30	23.703	24.161	68.884
2005-12-01	22.976	23.766	62.661
2005-12-02	21.823	23.118	55.981
2005-12-05	18.969	21.735	42.629
2005-12-06	17.786	20.419	31.015
2005-12-07	18.354	19.731	32.509
2005-12-08	18.643	19.368	38.314
2005-12-09	20.815	19.851	48.471
2005-12-12	22.923	20.875	63.326
2005-12-13	25.370	22.373	75.408
2005-12-14	30.100	24.949	85.459
2005-12-15	35.509	28.469	90.335
2005-12-16	40.640	32.526	91.650
2005-12-19	45.610	36.887	94.991
2005-12-20	50.520	41.432	99.444
2005-12-21	53.310	45.391	99.633
2005-12-22	56.455	49.079	97.200
2005-12-23	60.932	53.030	98.744
2005-12-26	66.946	57.669	101.001
2005-12-27	71.241	62.193	100.959
2005-12-28	75.294	66.560	100.719
2005-12-29	80.235	71.118	101.666
2005-12-30	81.915	74.717	100.237
2006-01-04	85.525	78.320	99.051
2006-01-05	88.332	81.657	100.527
2006-01-06	89.841	84.385	100.425
2006-01-09	91.653	86.808	100.042
2006-01-10	93.304	88.973	100.636
2006-01-11	93.042	90.329	98.976
2006-01-12	94.359	91.672	97.659
2006-01-13	94.294	92.546	97.240
2006-01-16	91.973	92.355	91.709
2006-01-17	90.679	91.797	85.306
2006-01-18	92.398	91.997	86.020
2006-01-19	93.875	92.623	90.812
2006-01-20	94.733	93.326	93.874
2006-01-23	95.470	94.041	95.600
2006-01-24	95.311	94.464	95.650
2006-01-25	95.819	94.916	95.385
2006-02-06	96.651	95.494	96.822
2006-02-07	95.951	95.646	96.341
2006-02-08	96.102	95.798	94.875
2006-02-09	94.380	95.326	91.769
2006-02-10	94.183	94.945	88.442
2006-02-13	93.757	94.549	87.233
2006-02-14	94.013	94.370	86.551
2006-02-15	95.049	94.597	88.964
2006-02-16	93.365	94.186	86.652
2006-02-17	91.732	93.368	78.569
2006-02-20	90.438	92.391	72.436
2006-02-21	91.242	92.008	72.684
2006-02-22	91.516	91.844	76.481
2006-02-23	92.142	91.944	79.354
2006-02-24	93.350	92.412	83.973
2006-02-27	94.036	92.954	87.599
2006-02-28	94.745	93.551	89.074
2006-03-01	95.658	94.253	91.641
2006-03-02	94.602	94.370	87.703
2006-03-03	94.410	94.383	80.430
2006-03-06	93.790	94.185	75.147
2006-03-07	90.545	92.972	56.876
2006-03-08	87.020	90.988	34.967
2006-03-09	83.358	88.445	21.054
2006-03-10	80.477	85.789	10.603
2006-03-13	79.481	83.686	8.405
2006-03-14	78.391	81.921	11.595
2006-03-15	79.185	81.009	18.966
2006-03-16	79.666	80.561	29.110
2006-03-17	79.483	80.202	34.874
2006-03-20	81.415	80.606	43.337
2006-03-21	83.179	81.464	55.576
2006-03-22	85.216	82.714	66.508
2006-03-23	87.468	84.299	77.529
2006-03-24	88.276	85.625	84.282
2006-03-27	89.076	86.775	86.637
2006-03-28	90.013	87.854	89.115
2006-03-29	91.030	88.913	92.025
2006-03-30	90.389	89.405	91.339
2006-03-31	90.075	89.628	88.486
2006-04-03	92.059	90.438	91.380
2006-04-04	93.600	91.492	97.215
2006-04-05	94.692	92.559	100.711
2006-04-06	94.579	93.232	101.187
2006-04-07	94.920	93.795	100.408
2006-04-10	95.897	94.495	101.257
2006-04-11	96.204	95.065	101.916
2006-04-12	96.201	95.444	100.972
2006-04-13	92.692	94.527	93.867
2006-04-14	93.123	94.059	88.615
2006-04-17	93.806	93.974	91.079
2006-04-18	94.227	94.059	93.015
2006-04-19	95.030	94.382	94.698
2006-04-20	93.821	94.195	93.812
2006-04-21	94.716	94.369	93.166
2006-04-24	93.754	94.164	93.079
2006-04-25	91.934	93.421	89.172
2006-04-26	92.334	93.058	87.545
2006-04-27	92.577	92.898	88.932
2006-04-28	93.627	93.141	91.024
2006-05-08	94.894	93.725	94.273
2006-05-09	95.807	94.419	96.936
2006-05-10	96.117	94.985	97.961
2006-05-11	94.209	94.726	94.933
2006-05-12	95.346	94.933	93.519
2006-05-15	96.237	95.368	96.276
2006-05-16	94.023	94.919	94.269
2006-05-17	92.791	94.210	89.694
2006-05-18	91.449	93.290	86.776
2006-05-19	92.294	92.958	86.871
2006-05-22	92.886	92.934	89.331
2006-05-23	90.947	92.271	87.183
2006-05-24	88.776	91.106	80.978
2006-05-25	87.063	89.758	75.732
2006-05-26	86.712	88.743	73.740
2006-05-29	88.005	88.497	76.442
2006-05-30	89.436	88.810	81.539
2006-05-31	89.846	89.155	84.611
2006-06-01	91.854	90.055	88.266
2006-06-02	92.320	90.810	91.696
2006-06-05	93.364	91.661	93.129
2006-06-06	93.938	92.420	94.090
2006-06-07	90.232	91.691	83.034
2006-06-08	87.357	90.246	63.803
2006-06-09	83.197	87.897	44.775
2006-06-12	79.667	85.153	27.208
2006-06-13	76.636	82.314	15.415
2006-06-14	73.333	79.321	7.129
2006-06-15	70.820	76.487	2.172
2006-06-16	70.775	74.583	4.414
2006-06-19	71.286	73.484	12.639
2006-06-20	71.991	72.986	20.929
2006-06-21	72.836	72.936	28.414
2006-06-22	73.412	73.095	34.277
2006-06-23	74.201	73.464	39.354
2006-06-26	76.093	74.340	47.221
2006-06-27	77.838	75.506	56.531
2006-06-28	79.203	76.738	63.529
2006-06-29	82.057	78.511	71.846
2006-06-30	84.372	80.465	81.108
2006-07-03	87.468	82.799	89.859
2006-07-04	88.846	84.815	95.845
2006-07-05	89.263	86.298	96.248
2006-07-06	90.664	87.753	97.025
2006-07-07	91.181	88.896	98.141
2006-07-10	91.750	89.847	97.914
2006-07-11	92.786	90.827	98.742
2006-07-12	93.311	91.655	99.484
2006-07-13	89.210	90.840	91.387
2006-07-14	86.399	89.360	78.135
2006-07-17	85.102	87.940	70.825
2006-07-18	84.104	86.661	66.532
2006-07-19	81.181	84.835	58.466
2006-07-20	79.384	83.018	49.017
2006-07-21	77.572	81.203	44.297
2006-07-24	75.002	79.136	40.764
2006-07-25	74.122	77.465	38.093
2006-07-26	73.515	76.148	38.024
2006-07-27	72.092	74.796	36.048
2006-07-28	69.881	73.158	30.326
2006-07-31	64.087	70.134	19.755
2006-08-01	58.462	66.243	8.387
2006-08-02	53.983	62.157	3.442
2006-08-03	50.415	58.243	2.791
2006-08-04	45.037	53.841	0.483
2006-08-07	38.880	48.854	-2.827
2006-08-08	36.661	44.790	-1.116
2006-08-09	34.721	41.433	3.569
2006-08-10	35.414	39.427	10.187
2006-08-11	35.957	38.270	19.777
2006-08-14	33.519	36.686	23.455
2006-08-15	33.602	35.658	24.674
2006-08-16	35.364	35.560	31.491
2006-08-17	35.706	35.609	37.160
2006-08-18	35.545	35.588	38.546
2006-08-21	35.673	35.616	39.061
2006-08-22	36.771	36.001	41.272
2006-08-23	37.571	36.524	44.123
2006-08-24	39.078	37.376	47.195
2006-08-25	40.286	38.346	52.333
2006-08-28	43.489	40.060	64.363
2006-08-29	46.099	42.073	78.155
2006-08-30	47.956	44.034	86.858
2006-08-31	49.267	45.779	93.646
2006-09-01	48.234	46.597	94.720
2006-09-04	49.335	47.510	94.738
2006-09-05	50.822	48.614	98.390
2006-09-06	52.757	49.995	102.102
2006-09-07	53.293	51.094	101.433
2006-09-08	54.351	52.180	97.911
2006-09-11	55.843	53.401	97.411
2006-09-12	58.971	55.258	98.874
2006-09-13	60.874	57.130	97.795
2006-09-14	62.425	58.895	94.085
2006-09-15	66.568	61.453	94.431
2006-09-18	70.987	64.631	97.744
2006-09-19	74.732	67.998	98.961
2006-09-20	77.820	71.272	98.119
2006-09-21	81.088	74.544	98.115
2006-09-22	82.236	77.108	96.039
2006-09-25	82.871	79.029	90.740
2006-09-26	82.460	80.173	84.198
2006-09-27	83.865	81.403	79.831
2006-09-28	86.151	82.986	81.433
2006-09-29	88.616	84.863	86.104
2006-10-09	90.833	86.853	91.093
2006-10-10	92.009	88.571	93.864
2006-10-11	93.365	90.169	95.374
2006-10-12	93.504	91.281	95.344
2006-10-13	94.128	92.230	94.429
2006-10-16	93.567	92.676	92.698
2006-10-17	92.530	92.627	87.624
2006-10-18	93.551	92.935	86.344
2006-10-19	94.295	93.388	89.436
2006-10-20	94.592	93.789	90.586
2006-10-23	92.446	93.342	83.431
2006-10-24	93.950	93.544	80.547
2006-10-25	93.826	93.638	84.467
2006-10-26	94.008	93.762	84.679
2006-10-27	92.846	93.457	82.750
2006-10-30	92.033	92.982	79.026
2006-10-31	93.293	93.086	81.214
2006-11-01	94.623	93.598	87.820
2006-11-02	95.309	94.168	92.232
2006-11-03	95.784	94.707	94.118
2006-11-06	96.615	95.343	96.217
2006-11-07	96.827	95.838	97.571
2006-11-08	95.658	95.778	93.970
2006-11-09	96.373	95.976	92.162
2006-11-10	95.064	95.672	90.690
2006-11-13	92.540	94.628	82.920
2006-11-14	92.025	93.760	78.187
2006-11-15	93.607	93.709	82.100
2006-11-16	92.949	93.456	85.685
2006-11-17	94.118	93.677	87.843
2006-11-20	95.256	94.203	92.544
2006-11-21	96.196	94.867	96.158
2006-11-22	95.956	95.230	97.000
2006-11-23	96.359	95.607	96.840
2006-11-24	96.151	95.788	96.762
2006-11-27	95.775	95.784	95.507
2006-11-28	95.065	95.544	93.459
2006-11-29	95.233	95.440	92.268
2006-11-30	96.063	95.648	93.837
2006-12-01	96.392	95.896	95.605
2006-12-04	96.994	96.262	96.824
2006-12-05	96.744	96.423	97.117
2006-12-06	95.906	96.250	95.149
2006-12-07	94.800	95.767	92.203
2006-12-08	91.340	94.291	85.968
2006-12-11	92.035	93.539	83.064
2006-12-12	93.258	93.445	87.127
2006-12-13	93.830	93.574	90.324
2006-12-14	95.020	94.056	93.019
2006-12-15	95.960	94.690	95.989
2006-12-18	96.679	95.353	97.922
2006-12-19	96.824	95.843	98.358
2006-12-20	97.203	96.297	98.297
2006-12-21	96.405	96.333	96.784
2006-12-22	95.761	96.142	93.840
2006-12-25	96.132	96.139	93.357
2006-12-26	96.216	96.165	94.262
2006-12-27	96.914	96.415	95.563
2006-12-28	96.502	96.444	95.837
2006-12-29	96.706	96.531	95.293
2007-01-04	94.953	96.005	92.950
2007-01-05	92.192	94.734	86.453
2007-01-08	91.187	93.552	81.769
2007-01-09	92.222	93.108	83.218
2007-01-10	93.375	93.197	87.603
2007-01-11	93.279	93.224	89.683
2007-01-12	91.234	92.561	86.111
2007-01-15	91.989	92.370	84.097
2007-01-16	93.089	92.610	87.535
2007-01-17	92.779	92.666	88.617
2007-01-18	92.081	92.471	86.249
2007-01-19	92.928	92.623	86.237
2007-01-22	94.316	93.188	90.230
2007-01-23	95.071	93.815	93.756
2007-01-24	95.725	94.452	95.613
2007-01-25	94.204	94.369	93.067
2007-01-26	93.424	94.054	87.723
2007-01-29	93.888	93.999	86.549
2007-01-30	94.005	94.001	87.008
2007-01-31	91.595	93.199	78.613
2007-02-01	89.652	92.017	64.133
2007-02-02	85.965	89.999	47.112
2007-02-05	81.631	87.210	26.434
2007-02-06	79.345	84.588	15.757
2007-02-07	78.006	82.394	17.027
2007-02-08	77.301	80.696	21.463
2007-02-09	76.572	79.321	25.769
2007-02-12	77.522	78.722	32.435
2007-02-13	78.775	78.739	42.108
2007-02-14	81.239	79.573	53.567
2007-02-15	84.959	81.368	69.030
2007-02-16	87.242	83.326	82.173
2007-02-26	89.778	85.477	91.061
2007-02-27	86.065	85.673	86.971
2007-02-28	85.357	85.568	76.832
2007-03-01	83.054	84.730	70.612
2007-03-02	81.922	83.794	64.135
2007-03-05	80.059	82.549	59.125
2007-03-06	79.706	81.601	56.052
2007-03-07	80.591	81.265	58.607
2007-03-08	81.672	81.400	64.089
2007-03-09	82.718	81.840	69.622
2007-03-12	83.908	82.529	74.525
2007-03-13	85.024	83.361	78.933
2007-03-14	84.306	83.676	77.586
2007-03-15	84.771	84.041	74.268
2007-03-16	84.539	84.207	72.783
2007-03-19	86.661	85.025	75.162
2007-03-20	88.845	86.298	82.869
2007-03-21	91.067	87.888	90.343
2007-03-22	92.006	89.261	94.865
2007-03-23	92.806	90.442	96.349
2007-03-26	94.232	91.706	98.694
2007-03-27	95.180	92.864	101.178
2007-03-28	95.915	93.881	102.327
2007-03-29	94.651	94.137	100.276
2007-03-30	93.269	93.848	95.548
2007-04-02	94.038	93.911	94.215
2007-04-03	95.196	94.340	96.560
2007-04-04	95.724	94.801	98.133
2007-04-05	96.381	95.328	98.819
2007-04-06	96.837	95.831	99.478
2007-04-09	97.456	96.373	100.149
2007-04-10	97.963	96.903	100.971
2007-04-11	98.322	97.376	101.384
2007-04-12	98.621	97.791	101.517
2007-04-13	98.005	97.862	100.246
2007-04-16	98.389	98.038	99.325
2007-04-17	98.508	98.195	99.608
2007-04-18	98.594	98.328	99.390
2007-04-19	95.644	97.433	93.606
2007-04-20	95.783	96.883	88.635
2007-04-23	96.626	96.797	91.217
2007-04-24	96.615	96.737	93.195
2007-04-25	96.880	96.785	93.864
2007-04-26	97.478	97.016	95.529
2007-04-27	97.300	97.110	96.026
2007-04-30	97.686	97.302	96.090
2007-05-08	97.920	97.508	97.089
2007-05-09	98.304	97.773	98.028
2007-05-10	98.315	97.954	98.504
2007-05-11	97.904	97.937	97.532
2007-05-14	97.807	97.894	96.428
2007-05-15	95.562	97.117	91.738
2007-05-16	95.046	96.426	86.721
2007-05-17	95.549	96.134	87.601
2007-05-18	95.686	95.984	89.593
2007-05-21	96.384	96.118	91.681
2007-05-22	96.736	96.324	93.945
2007-05-23	97.365	96.671	95.802
2007-05-24	97.121	96.821	96.365
2007-05-25	97.311	96.984	95.966
2007-05-28	97.694	97.221	96.704
2007-05-29	98.141	97.528	97.960
2007-05-30	94.698	96.585	90.455
2007-05-31	92.707	95.292	77.566
2007-06-01	89.645	93.410	66.027
2007-06-04	82.741	89.853	45.361
2007-06-05	78.521	86.076	30.079
2007-06-06	75.270	82.474	28.118
2007-06-07	74.213	79.720	30.184
2007-06-08	73.669	77.703	35.271
2007-06-11	73.845	76.417	41.630
2007-06-12	75.102	75.979	49.972
2007-06-13	77.680	76.546	60.055
2007-06-14	78.819	77.303	68.107
2007-06-15	79.891	78.166	72.678
2007-06-18	82.626	79.653	78.858
2007-06-19	85.066	81.457	86.067
2007-06-20	85.429	82.781	89.221
2007-06-21	86.560	84.041	90.275
2007-06-22	84.956	84.346	88.723
2007-06-25	80.682	83.124	80.888
2007-06-26	77.808	81.352	72.647
2007-06-27	77.464	80.056	70.397
2007-06-28	74.029	78.047	67.838
2007-06-29	68.946	75.013	60.155
2007-07-02	65.010	71.679	53.138
2007-07-03	63.078	68.812	50.289
2007-07-04	59.822	65.815	42.998
2007-07-05	53.117	61.583	26.785
2007-07-06	51.141	58.102	17.583
2007-07-09	51.645	55.950	20.623
2007-07-10	51.430	54.443	25.219
2007-07-11	51.518	53.468	28.296
2007-07-12	52.200	53.045	32.492
2007-07-13	52.712	52.934	36.986
2007-07-16	51.137	52.335	37.608
2007-07-17	51.470	52.047	37.626
2007-07-18	52.464	52.186	40.757
2007-07-19	52.892	52.421	44.238
2007-07-20	56.366	53.736	51.543
2007-07-23	62.461	56.645	66.741
2007-07-24	67.273	60.187	80.758
2007-07-25	73.561	64.645	90.318
2007-07-26	78.331	69.207	98.016
2007-07-27	82.124	73.512	102.208
2007-07-30	85.519	77.515	105.018
2007-07-31	88.311	81.113	107.007
2007-08-01	86.974	83.067	103.610
2007-08-02	87.857	84.664	98.843
2007-08-03	90.253	86.527	99.677
2007-08-06	92.172	88.409	102.051
2007-08-07	93.173	89.997	102.648
2007-08-08	93.802	91.265	101.781
2007-08-09	94.825	92.452	101.471
2007-08-10	95.563	93.489	101.709
2007-08-13	95.736	94.238	101.014
2007-08-14	96.533	95.003	100.728
2007-08-15	96.613	95.539	100.472
2007-08-16	95.295	95.458	97.179
2007-08-17	92.800	94.572	90.276
2007-08-20	94.089	94.411	88.269
2007-08-21	94.880	94.567	91.650
2007-08-22	95.637	94.924	93.809
2007-08-23	96.269	95.372	95.560
2007-08-24	96.789	95.844	96.823
2007-08-27	96.916	96.202	97.168
2007-08-28	97.353	96.585	97.456
2007-08-29	96.666	96.612	96.309
2007-08-30	96.827	96.684	94.863
2007-08-31	97.266	96.878	95.687
2007-09-03	97.740	97.165	97.020
2007-09-04	97.480	97.270	96.653
2007-09-05	97.458	97.333	95.295
2007-09-06	97.764	97.476	95.532
2007-09-07	96.749	97.234	93.270
2007-09-10	96.782	97.084	90.654
2007-09-11	94.198	96.122	84.375
2007-09-12	92.766	95.003	75.099
2007-09-13	92.712	94.239	73.215
2007-09-14	93.086	93.855	75.956
2007-09-17	94.407	94.039	81.670
2007-09-18	95.173	94.417	87.325
2007-09-19	95.470	94.768	89.242
2007-09-20	96.248	95.261	91.229
2007-09-21	96.598	95.707	93.242
2007-09-24	97.037	96.150	94.171
2007-09-25	96.672	96.324	92.690
2007-09-26	95.378	96.009	85.119
2007-09-27	95.156	95.725	79.159
2007-09-28	96.034	95.828	82.203
2007-10-08	96.448	96.035	87.630
2007-10-09	97.008	96.359	91.326
2007-10-10	96.700	96.473	92.726
2007-10-11	97.345	96.764	94.026
2007-10-12	97.275	96.934	95.849
2007-10-15	97.723	97.197	96.889
2007-10-16	97.844	97.413	98.174
2007-10-17	97.329	97.385	97.484
2007-10-18	94.643	96.471	90.894
2007-10-19	92.387	95.109	81.003
2007-10-22	88.943	93.054	69.117
2007-10-23	87.341	91.150	59.029
2007-10-24	86.808	89.702	56.857
2007-10-25	82.780	87.395	50.277
2007-10-26	79.372	84.721	39.564
2007-10-29	78.662	82.701	37.337
2007-10-30	80.012	81.805	44.157
2007-10-31	81.728	81.779	54.586
2007-11-01	82.554	82.037	62.497
2007-11-02	81.356	81.810	61.462
2007-11-05	78.458	80.693	50.658
2007-11-06	74.815	78.734	35.626
2007-11-07	72.783	76.750	24.430
2007-11-08	67.479	73.660	14.741
2007-11-09	62.143	69.821	6.334
2007-11-12	54.885	64.842	3.976
2007-11-13	48.609	59.431	3.031
2007-11-14	46.577	55.146	7.452
2007-11-15	43.449	51.247	15.363
2007-11-16	40.056	47.517	19.728
2007-11-19	36.495	43.843	21.252
2007-11-20	34.081	40.589	21.969
2007-11-21	30.704	37.294	21.383
2007-11-22	24.810	33.133	15.733
2007-11-23	22.051	29.439	10.584
2007-11-26	18.649	25.842	8.078
2007-11-27	14.983	22.222	4.062
2007-11-28	12.353	18.933	0.753
2007-11-29	13.222	17.029	2.475
2007-11-30	11.961	15.340	5.282
2007-12-03	10.905	13.861	5.430
2007-12-04	10.763	12.828	7.175
2007-12-05	12.534	12.730	13.286
2007-12-06	13.838	13.099	21.169
2007-12-07	15.724	13.974	29.678
2007-12-10	18.276	15.408	40.471
2007-12-11	20.513	17.110	50.312
2007-12-12	21.120	18.447	54.738
2007-12-13	19.562	18.818	50.670
2007-12-14	19.057	18.898	46.149
2007-12-17	16.703	18.166	40.813
2007-12-18	14.216	16.849	30.572
2007-12-19	13.797	15.832	25.823
2007-12-20	14.974	15.546	33.340
2007-12-21	16.782	15.958	48.261
2007-12-24	20.198	17.371	64.503
2007-12-25	22.438	19.060	77.273
2007-12-26	24.709	20.943	85.651
2007-12-27	27.649	23.179	94.086
2007-12-28	29.297	25.218	98.564
2008-01-02	30.783	27.073	98.910
2008-01-03	32.887	29.011	100.854
2008-01-04	35.440	31.154	103.771
2008-01-07	38.375	33.561	105.621
2008-01-08	40.612	35.911	103.910
2008-01-09	43.205	38.342	101.275
2008-01-10	45.618	40.768	101.194
2008-01-11	48.007	43.181	101.769
2008-01-14	50.133	45.498	102.023
2008-01-15	50.953	47.316	100.096
2008-01-16	49.110	47.914	92.430
2008-01-17	45.369	47.066	78.358
2008-01-18	42.847	45.660	64.499
2008-01-21	36.787	42.702	45.814
2008-01-22	30.179	38.528	24.199
2008-01-23	27.524	34.860	13.004
2008-01-24	25.785	31.835	9.253
2008-01-25	25.419	29.696	8.591
2008-01-28	20.518	26.637	4.697
2008-01-29	17.622	23.632	-1.316
2008-01-30	15.560	20.941	-3.520
2008-01-31	13.332	18.405	-4.781
2008-02-01	12.550	16.453	-4.648
2008-02-04	17.220	16.709	2.566
2008-02-05	19.864	17.761	12.394
2008-02-13	20.337	18.619	16.604
2008-02-14	21.643	19.627	18.926
2008-02-15	21.857	20.371	20.736
2008-02-18	23.098	21.280	22.303
2008-02-19	25.540	22.700	26.171
2008-02-20	26.028	23.809	29.453
2008-02-21	25.817	24.479	30.402
2008-02-22	23.284	24.080	28.145
2008-02-25	18.773	22.311	20.495
2008-02-26	16.660	20.428	15.031
2008-02-27	16.340	19.065	17.606
2008-02-28	15.590	17.907	21.429
2008-02-29	15.691	17.168	24.574
2008-03-03	17.054	17.130	32.418
2008-03-04	16.675	16.978	38.654
2008-03-05	15.760	16.572	37.973
2008-03-06	16.005	16.383	38.277
2008-03-07	15.336	16.034	38.634
2008-03-10	12.636	14.901	30.973
2008-03-11	11.513	13.772	22.488
2008-03-12	9.301	12.282	15.917
2008-03-13	8.293	10.952	9.905
2008-03-14	7.504	9.803	7.551
2008-03-17	6.086	8.564	4.473
2008-03-18	5.512	7.547	1.898
2008-03-19	6.022	7.038	3.157
2008-03-20	7.685	7.254	8.802
2008-03-21	8.942	7.816	15.871
2008-03-24	8.248	7.960	17.502
2008-03-25	7.728	7.883	15.143
2008-03-26	7.084	7.617	13.089
2008-03-27	5.702	6.978	9.278
2008-03-28	6.620	6.859	8.910
2008-03-31	6.363	6.694	10.840
2008-04-01	5.273	6.220	8.409
2008-04-02	4.792	5.744	5.787
2008-04-03	5.388	5.625	6.866
2008-04-07	7.227	6.159	12.962
2008-04-08	8.837	7.052	21.197
2008-04-09	8.412	7.505	23.395
2008-04-10	8.694	7.901	21.853
2008-04-11	9.252	8.351	23.623
2008-04-14	7.664	8.122	21.282
2008-04-15	7.828	8.024	17.564
2008-04-16	7.259	7.769	16.782
2008-04-17	6.330	7.289	13.629
2008-04-18	5.255	6.611	9.340
2008-04-21	4.731	5.984	6.297
2008-04-22	5.627	5.865	7.721
2008-04-23	7.874	6.535	16.152
2008-04-24	13.246	8.772	35.723
2008-04-25	17.248	11.597	58.444
2008-04-28	19.475	14.223	71.455
2008-04-29	21.827	16.758	78.840
2008-04-30	25.700	19.739	88.768
2008-05-05	29.595	23.024	99.046
2008-05-06	32.388	26.145	104.425
2008-05-07	32.812	28.368	102.155
2008-05-08	34.062	30.266	97.884
2008-05-09	34.554	31.695	95.266
2008-05-12	35.710	33.033	92.200
2008-05-13	36.112	34.060	88.290
2008-05-14	37.890	35.337	86.085
2008-05-15	39.041	36.571	86.364
2008-05-16	39.785	37.643	85.488
2008-05-19	40.118	38.468	83.852
2008-05-20	38.202	38.379	77.802
2008-05-21	38.033	38.264	71.933
2008-05-22	37.107	37.878	68.992
2008-05-23	36.400	37.385	63.957
2008-05-26	34.323	36.364	47.960
2008-05-27	33.154	35.294	27.452
2008-05-28	33.827	34.805	18.996
2008-05-29	33.467	34.359	14.887
2008-05-30	33.677	34.132	11.409
2008-06-02	35.738	34.667	12.224
2008-06-03	37.414	35.583	13.438
2008-06-04	37.909	36.358	10.628
2008-06-05	38.604	37.107	5.714
2008-06-06	38.702	37.639	1.904
2008-06-10	32.843	36.040	-0.840
2008-06-11	27.062	33.047	-2.294
2008-06-12	22.871	29.655	-2.278
2008-06-13	18.368	25.893	-2.760
2008-06-16	15.975	22.587	-2.720
2008-06-17	13.285	19.486	-1.855
2008-06-18	14.630	17.868	2.379
2008-06-19	12.067	15.934	5.375
2008-06-20	12.150	14.673	5.982
2008-06-23	10.908	13.418	7.664
2008-06-24	10.697	12.511	8.443
2008-06-25	12.398	12.473	12.947
2008-06-26	13.701	12.882	18.709
2008-06-27	11.929	12.565	18.500
2008-06-30	10.325	11.818	13.935
2008-07-01	8.380	10.672	9.492
2008-07-02	7.115	9.486	5.889
2008-07-03	7.939	8.971	6.620
2008-07-04	8.047	8.663	9.287
2008-07-07	10.142	9.156	13.737
2008-07-08	12.187	10.166	22.178
2008-07-09	15.556	11.963	36.995
2008-07-10	17.511	13.812	52.984
2008-07-11	18.767	15.464	63.619
2008-07-14	20.126	17.018	73.513
2008-07-15	19.593	17.876	76.543
2008-07-16	17.959	17.904	68.668
2008-07-17	16.307	17.371	57.557
2008-07-18	16.520	17.088	53.475
2008-07-21	18.052	17.409	60.064
2008-07-22	19.027	17.948	68.127
2008-07-23	19.715	18.537	72.170
2008-07-24	21.802	19.626	78.161
2008-07-25	22.679	20.643	83.465
2008-07-28	24.046	21.777	86.377
2008-07-29	24.214	22.590	87.212
2008-07-30	24.110	23.096	83.816
2008-07-31	22.957	23.050	77.090
2008-08-01	22.665	22.922	68.195
2008-08-04	21.421	22.422	56.587
2008-08-05	19.469	21.437	40.304
2008-08-06	18.650	20.508	27.624
2008-08-07	18.169	19.728	21.805
2008-08-08	15.356	18.271	14.365
2008-08-11	12.602	16.381	5.356
2008-08-12	10.581	14.448	0.118
2008-08-13	9.819	12.905	-0.832
2008-08-14	9.048	11.619	0.431
2008-08-15	8.674	10.637	1.938
2008-08-18	6.955	9.410	0.903
2008-08-19	6.575	8.465	-0.522
2008-08-20	9.434	8.788	6.627
2008-08-21	10.242	9.273	14.711
2008-08-22	10.414	9.653	16.587
2008-08-25	11.098	10.135	17.355
2008-08-26	10.559	10.276	16.230
2008-08-27	9.989	10.181	13.249
2008-08-28	9.887	10.083	11.433
2008-08-29	11.289	10.485	12.612
2008-09-01	10.246	10.405	12.740
2008-09-02	8.805	9.872	9.448
2008-09-03	7.857	9.200	6.781
2008-09-04	7.120	8.507	5.387
2008-09-05	5.777	7.597	3.447
2008-09-08	4.819	6.671	1.342
2008-09-09	4.602	5.981	1.501
2008-09-10	4.809	5.590	3.770
2008-09-11	4.041	5.074	4.238
2008-09-12	3.579	4.576	2.954
2008-09-16	3.114	4.089	2.208
2008-09-17	2.615	3.597	1.287
2008-09-18	3.718	3.638	2.982
2008-09-19	7.720	4.998	12.000
2008-09-22	13.727	7.908	29.731
2008-09-23	17.926	11.247	46.924
2008-09-24	21.551	14.682	58.352
2008-09-25	25.854	18.406	69.531
2008-09-26	29.443	22.085	79.317
2008-10-06	30.174	24.781	81.258
2008-10-07	30.476	26.679	78.185
2008-10-08	29.547	27.635	74.339
2008-10-09	28.490	27.920	69.058
2008-10-10	26.326	27.389	61.406
2008-10-13	25.895	26.891	55.812
2008-10-14	24.548	26.110	52.453
2008-10-15	23.066	25.095	46.930
2008-10-16	20.371	23.520	38.841
2008-10-17	18.584	21.875	30.773
2008-10-20	17.927	20.559	27.874
2008-10-21	17.202	19.440	27.178
2008-10-22	15.474	18.118	23.813
2008-10-23	13.780	16.672	18.412
2008-10-24	11.749	15.031	11.796
2008-10-27	9.432	13.165	4.664
2008-10-28	9.494	11.941	2.837
2008-10-29	8.613	10.832	3.595
2008-10-30	8.722	10.128	4.192
2008-10-31	8.181	9.479	5.245
2008-11-03	7.716	8.892	5.033
2008-11-04	7.146	8.310	4.718
2008-11-05	7.946	8.189	6.953
2008-11-06	7.587	7.988	9.274
2008-11-07	7.998	7.991	10.440
2008-11-10	11.288	9.090	18.180
2008-11-11	13.193	10.458	27.748
2008-11-12	15.078	11.998	36.849
2008-11-13	18.218	14.071	51.813
2008-11-14	22.828	16.990	70.529
2008-11-17	27.647	20.542	87.357
2008-11-18	28.401	23.162	90.948
2008-11-19	32.049	26.124	90.955
2008-11-20	34.075	28.774	94.736
2008-11-21	35.315	30.955	94.137
2008-11-24	34.741	32.217	88.445
2008-11-25	34.489	32.974	79.646
2008-11-26	34.563	33.504	72.950
2008-11-27	35.219	34.076	69.421
2008-11-28	34.347	34.166	65.349
2008-12-01	34.351	34.228	61.155
2008-12-02	34.205	34.220	59.289
2008-12-03	36.356	34.932	62.006
2008-12-04	39.157	36.340	70.011
2008-12-05	41.911	38.197	78.319
2008-12-08	46.272	40.889	86.921
2008-12-09	48.174	43.317	90.079
2008-12-10	50.934	45.856	90.441
2008-12-11	51.722	47.811	89.785
2008-12-12	50.035	48.552	78.976
2008-12-15	48.989	48.698	65.717
2008-12-16	48.470	48.622	58.206
2008-12-17	48.109	48.451	54.137
2008-12-18	49.355	48.752	54.767
2008-12-19	51.220	49.575	58.732
2008-12-22	53.439	50.863	59.398
2008-12-23	52.394	51.373	50.274
2008-12-24	50.171	50.973	34.187
2008-12-25	47.919	49.955	20.160
2008-12-26	46.081	48.664	10.314
2008-12-29	44.568	47.298	5.031
2008-12-30	43.362	45.986	1.725
2008-12-31	41.843	44.605	-2.145
2009-01-05	43.375	44.195	-0.730
2009-01-06	47.191	45.194	9.292
2009-01-07	49.641	46.676	19.799
2009-01-08	49.498	47.617	22.971
2009-01-09	50.608	48.614	24.207
2009-01-12	51.288	49.505	27.076
2009-01-13	50.136	49.716	26.718
2009-01-14	52.219	50.550	30.595
2009-01-15	53.213	51.438	38.610
2009-01-16	55.631	52.836	46.490
2009-01-19	59.094	54.922	58.025
2009-01-20	62.217	57.353	69.480
2009-01-21	64.284	59.663	78.471
2009-01-22	66.865	62.064	87.030
2009-01-23	68.249	64.126	93.029
2009-02-02	70.357	66.203	97.334
2009-02-03	73.774	68.727	102.626
2009-02-04	78.985	72.146	106.411
2009-02-05	80.113	74.802	105.267
2009-02-06	83.882	77.829	103.785
2009-02-09	86.437	80.698	104.793
2009-02-10	89.095	83.497	105.258
2009-02-11	89.448	85.481	103.855
2009-02-12	89.212	86.724	99.908
2009-02-13	91.278	88.242	98.940
2009-02-16	93.005	89.830	100.784
2009-02-17	91.569	90.409	98.756
2009-02-18	86.693	89.171	89.716
2009-02-19	83.379	87.240	79.237
2009-02-20	81.897	85.459	73.258
2009-02-23	82.218	84.379	72.072
2009-02-24	78.899	82.552	68.183
2009-02-25	76.445	80.516	60.918
2009-02-26	71.580	77.538	51.620
2009-02-27	66.383	73.819	38.667
2009-03-02	62.585	70.074	28.467
2009-03-03	58.797	66.315	20.541
2009-03-04	60.076	64.236	19.487
2009-03-05	61.880	63.450	26.374
2009-03-06	62.369	63.090	31.320
2009-03-09	60.234	62.138	29.219
2009-03-10	59.880	61.385	26.076
2009-03-11	58.933	60.568	25.353
2009-03-12	58.000	59.712	23.718
2009-03-13	57.083	58.836	22.269
2009-03-16	57.180	58.284	22.637
2009-03-17	59.470	58.679	28.266
2009-03-18	61.485	59.615	39.845
2009-03-19	64.527	61.252	54.886
2009-03-20	67.482	63.329	69.557
2009-03-23	71.356	66.004	82.816
2009-03-24	74.895	68.968	92.098
2009-03-25	76.132	71.356	93.369
2009-03-26	79.508	74.073	95.200
2009-03-27	82.591	76.913	99.824
2009-03-30	84.418	79.414	100.998
2009-03-31	86.440	81.756	101.281
2009-04-01	88.631	84.048	102.222
2009-04-02	90.065	86.054	102.221
2009-04-03	90.807	87.638	100.662
2009-04-07	92.053	89.110	99.707
2009-04-08	89.961	89.394	94.691
2009-04-09	89.193	89.327	87.664
2009-04-10	90.877	89.843	88.177
2009-04-13	92.393	90.693	92.398
2009-04-14	93.744	91.710	95.723
2009-04-15	94.772	92.731	98.013
2009-04-16	95.284	93.582	98.745
2009-04-17	94.615	93.927	96.571
2009-04-20	95.637	94.497	95.812
2009-04-21	95.672	94.888	96.383
2009-04-22	92.189	93.989	88.681
2009-04-23	89.500	92.492	77.080
2009-04-24	86.782	90.589	68.254
2009-04-27	83.012	88.063	57.260
2009-04-28	79.852	85.326	45.628
2009-04-29	79.786	83.479	42.686
2009-04-30	80.079	82.346	45.802
2009-05-04	83.351	82.681	55.056
2009-05-05	85.835	83.732	68.490
2009-05-06	88.510	85.325	79.217
2009-05-07	89.965	86.872	86.735
2009-05-08	91.690	88.478	91.570
2009-05-11	90.666	89.207	90.442
2009-05-12	91.072	89.829	86.746
2009-05-13	92.654	90.770	89.640
2009-05-14	93.165	91.569	92.674
2009-05-15	93.744	92.294	93.319
2009-05-18	94.444	93.011	94.516
2009-05-19	95.204	93.742	96.190
2009-05-20	95.036	94.173	95.984
2009-05-21	93.494	93.947	91.301
2009-05-22	91.789	93.228	84.373
2009-05-25	90.837	92.431	79.507
2009-05-26	89.363	91.408	75.583
2009-05-27	89.658	90.825	74.486
2009-06-01	91.557	91.069	80.120
2009-06-02	92.446	91.528	85.847
2009-06-03	93.954	92.336	90.157
2009-06-04	94.821	93.165	94.015
2009-06-05	94.677	93.669	93.462
2009-06-08	94.809	94.049	91.774
2009-06-09	95.595	94.564	93.059
2009-06-10	96.324	95.151	95.748
2009-06-11	95.925	95.409	95.843
2009-06-12	93.671	94.830	89.983
2009-06-15	93.522	94.394	85.306
2009-06-16	92.914	93.901	84.414
2009-06-17	93.629	93.810	85.334
2009-06-18	94.848	94.156	89.730
2009-06-19	95.674	94.662	93.770
2009-06-22	95.629	94.984	95.155
2009-06-23	94.915	94.961	93.883
2009-06-24	95.316	95.080	93.426
2009-06-25	95.542	95.234	94.314
2009-06-26	95.826	95.431	94.755
2009-06-29	96.611	95.825	96.174
2009-06-30	96.076	95.908	95.405
2009-07-01	96.812	96.210	94.817
2009-07-02	97.383	96.601	97.033
2009-07-03	97.892	97.031	98.607
2009-07-06	98.217	97.426	99.590
2009-07-07	97.502	97.452	98.139
2009-07-08	96.700	97.201	94.722
2009-07-09	97.175	97.192	94.055
2009-07-10	97.060	97.148	94.820
2009-07-13	96.098	96.798	92.684
2009-07-14	96.816	96.804	92.398
2009-07-15	97.444	97.017	95.235
2009-07-16	97.075	97.037	95.423
2009-07-17	96.901	96.992	93.821
2009-07-20	97.465	97.149	94.507
2009-07-21	96.299	96.866	93.535
2009-07-22	96.913	96.882	92.737
2009-07-23	97.465	97.076	95.254
2009-07-24	97.380	97.177	96.146
2009-07-27	97.888	97.414	96.845
2009-07-28	98.276	97.702	98.333
2009-07-29	94.522	96.642	91.577
2009-07-30	92.724	95.336	80.676
2009-07-31	93.262	94.645	79.014
2009-08-03	94.554	94.614	84.194
2009-08-04	95.503	94.911	89.611
2009-08-05	95.349	95.057	91.312
2009-08-06	93.688	94.601	86.616
2009-08-07	90.324	93.175	74.250
2009-08-10	87.400	91.250	60.042
2009-08-11	85.379	89.293	50.321
2009-08-12	80.114	86.233	35.356
2009-08-13	76.467	82.978	20.016
2009-08-14	70.525	78.827	9.913
2009-08-17	60.532	72.728	-0.312
2009-08-18	53.504	66.320	-4.307
2009-08-19	44.489	59.043	-5.716
2009-08-20	40.609	52.898	-4.279
2009-08-21	38.807	48.201	2.492
2009-08-24	38.228	44.877	10.109
2009-08-25	35.706	41.820	14.454
2009-08-26	35.058	39.566	16.979
2009-08-27	33.979	37.704	19.825
2009-08-28	30.727	35.378	18.811
2009-08-31	24.698	31.818	12.927
2009-09-01	20.808	28.148	7.187
2009-09-02	18.441	24.912	5.192
2009-09-03	19.650	23.158	8.460
2009-09-04	21.013	22.443	15.354
2009-09-07	22.569	22.485	22.306
2009-09-08	24.992	23.321	30.442
2009-09-09	27.306	24.649	38.866
2009-09-10	28.648	25.982	46.624
2009-09-11	31.270	27.744	55.830
2009-09-14	34.249	29.913	70.824
2009-09-15	36.799	32.208	86.411
2009-09-16	38.027	34.148	94.388
2009-09-17	40.455	36.250	99.921
2009-09-18	40.068	37.523	100.517
2009-09-21	39.862	38.303	95.538
2009-09-22	38.041	38.215	88.351
2009-09-23	35.275	37.235	76.862
2009-09-24	33.321	35.930	66.483
2009-09-25	31.407	34.422	59.000
2009-09-28	28.078	32.308	49.418
2009-09-29	25.201	29.939	38.763
2009-09-30	23.493	27.790	31.340
2009-10-09	25.283	26.955	32.654
2009-10-12	26.304	26.738	38.835
2009-10-13	28.116	27.197	44.807
2009-10-14	30.385	28.260	53.580
2009-10-15	32.420	29.647	62.276
2009-10-16	33.974	31.089	68.596
2009-10-19	36.687	32.955	76.278
2009-10-20	39.960	35.290	86.752
2009-10-21	42.247	37.609	93.598
2009-10-22	43.619	39.612	95.105
2009-10-23	46.063	41.763	96.828
2009-10-26	48.060	43.862	99.834
2009-10-27	47.555	45.093	97.149
2009-10-28	47.498	45.894	90.969
2009-10-29	46.221	46.003	83.335
2009-10-30	46.670	46.226	76.103
2009-11-02	50.414	47.622	76.999
2009-11-03	55.316	50.187	83.683
2009-11-04	60.116	53.496	90.047
2009-11-05	67.952	58.315	94.631
2009-11-06	73.643	63.424	97.106
2009-11-09	78.620	68.490	98.266
2009-11-10	81.759	72.913	97.953
2009-11-11	84.150	76.658	95.508
2009-11-12	85.984	79.767	92.993
2009-11-13	87.966	82.500	92.065
2009-11-16	90.357	85.119	94.115
2009-11-17	91.815	87.351	96.320
2009-11-18	93.078	89.260	97.120
2009-11-19	94.219	90.913	98.016
2009-11-20	94.677	92.168	97.981
2009-11-23	95.723	93.353	98.272
2009-11-24	92.758	93.154	93.026
2009-11-25	92.148	92.819	85.964
2009-11-26	87.852	91.163	78.586
2009-11-27	82.112	88.146	64.291
2009-11-30	80.572	85.622	55.785
2009-12-01	80.575	83.939	53.583
2009-12-02	81.637	83.172	53.540
2009-12-03	82.328	82.890	55.988
2009-12-04	84.496	83.426	61.526
2009-12-07	86.688	84.513	70.623
2009-12-08	87.356	85.461	75.514
2009-12-09	86.131	85.684	72.007
2009-12-10	85.604	85.658	66.406
2009-12-11	84.969	85.428	63.161
2009-12-14	86.173	85.676	64.657
2009-12-15	86.260	85.871	67.832
2009-12-16	85.737	85.826	66.528
2009-12-17	82.972	84.875	58.529
2009-12-18	78.751	82.834	42.501
2009-12-21	75.655	80.441	27.420
2009-12-22	70.946	77.276	15.585
2009-12-23	67.132	73.894	7.164
2009-12-24	65.809	71.199	9.318
2009-12-25	63.372	68.590	16.195
2009-12-28	63.421	66.867	23.933
2009-12-29	63.903	65.879	34.636
2009-12-30	66.610	66.123	47.494
2009-12-31	69.440	67.229	61.083
2010-01-04	70.180	68.212	69.007
2010-01-05	72.526	69.650	74.595
2010-01-06	73.125	70.808	79.087
2010-01-07	70.799	70.805	76.225
2010-01-08	69.084	70.232	70.341
2010-01-11	68.479	69.647	67.552
2010-01-12	70.790	70.028	71.410
2010-01-13	68.011	69.356	71.190
2010-01-14	67.748	68.820	66.843
2010-01-15	67.930	68.523	67.770
2010-01-18	68.667	68.571	70.029
2010-01-19	67.811	68.318	73.294
2010-01-20	61.215	65.950	68.737
2010-01-21	56.375	62.759	58.495
2010-01-22	50.619	58.712	48.261
2010-01-25	43.889	53.771	34.730
2010-01-26	36.082	47.875	21.134
2010-01-27	29.585	41.778	10.246
2010-01-28	25.190	36.249	3.848
2010-01-29	21.430	31.309	0.640
2010-02-01	18.414	27.011	-1.367
2010-02-02	15.705	23.242	-2.626
2010-02-03	17.393	21.292	1.208
2010-02-04	18.381	20.322	8.429
2010-02-05	16.800	19.148	10.500
2010-02-08	15.356	17.884	9.129
2010-02-09	14.780	16.849	9.092
2010-02-10	15.990	16.563	12.100
2010-02-11	17.093	16.740	16.417
2010-02-12	19.445	17.641	21.470
2010-02-22	20.663	18.649	25.986
2010-02-23	20.699	19.332	27.105
2010-02-24	22.512	20.392	29.127
2010-02-25	25.694	22.160	37.836
2010-02-26	27.849	24.056	49.325
2010-03-01	31.190	26.434	61.345
2010-03-02	33.267	28.712	73.832
2010-03-03	36.354	31.259	86.052
2010-03-04	35.358	32.626	89.437
2010-03-05	34.924	33.392	84.273
2010-03-08	35.619	34.134	83.116
2010-03-09	37.092	35.120	85.642
2010-03-10	37.299	35.847	86.569
2010-03-11	37.579	36.424	84.273
2010-03-12	35.985	36.278	77.456
2010-03-15	32.959	35.171	63.720
2010-03-16	31.302	33.882	51.005
2010-03-17	32.742	33.502	50.225
2010-03-18	33.683	33.562	55.893
2010-03-19	35.476	34.200	62.147
2010-03-22	37.238	35.213	70.164
2010-03-23	37.618	36.015	73.781
2010-03-24	38.099	36.709	73.234
2010-03-25	36.677	36.699	66.469
2010-03-26	37.486	36.961	61.754
2010-03-29	41.208	38.377	70.248
2010-03-30	44.410	40.388	82.057
2010-03-31	46.042	42.272	88.007
2010-04-01	49.186	44.577	92.304
2010-04-02	52.208	47.121	97.754
2010-04-06	55.716	49.986	99.451
2010-04-07	58.206	52.726	97.582
2010-04-08	58.639	54.697	92.096
2010-04-09	60.393	56.596	87.807
2010-04-12	60.946	58.046	85.743
2010-04-13	63.078	59.723	85.798
2010-04-14	65.591	61.679	89.398
2010-04-15	71.327	64.895	91.584
2010-04-16	73.540	67.777	87.877
2010-04-19	65.022	66.858	66.368
2010-04-20	58.156	63.958	40.155
2010-04-21	56.349	61.421	30.115
2010-04-22	52.585	58.476	25.440
2010-04-23	48.481	55.144	18.424
2010-04-26	44.235	51.508	11.525
2010-04-27	38.026	47.014	6.430
2010-04-28	32.626	42.218	3.369
2010-04-29	26.289	36.908	-0.726
2010-04-30	23.785	32.534	-2.411
2010-05-04	20.431	28.500	-1.749
2010-05-05	20.567	25.855	0.751
2010-05-06	16.664	22.792	1.661
2010-05-07	14.207	19.930	-0.859
2010-05-10	13.315	17.725	-0.446
2010-05-11	10.985	15.478	-0.418
2010-05-12	10.572	13.843	-0.297
2010-05-13	12.140	13.275	3.548
2010-05-14	12.913	13.155	7.897
2010-05-17	10.417	12.242	7.265
2010-05-18	10.332	11.605	5.968
2010-05-19	10.050	11.087	7.485
2010-05-20	8.848	10.341	7.300
2010-05-21	9.981	10.221	8.750
2010-05-24	13.457	11.299	16.242
2010-05-25	14.786	12.462	23.226
2010-05-26	15.877	13.600	26.632
2010-05-27	17.674	14.958	31.279
2010-05-28	19.107	16.341	36.290
2010-05-31	18.435	17.039	37.246
2010-06-01	17.215	17.098	34.270
2010-06-02	16.329	16.841	31.140
2010-06-03	15.083	16.255	28.224
2010-06-04	14.114	15.542	26.698
2010-06-07	12.142	14.408	23.750
2010-06-08	10.627	13.148	18.591
2010-06-09	11.414	12.570	21.991
2010-06-10	11.436	12.192	29.223
2010-06-11	11.663	12.016	32.940
2010-06-17	11.568	11.866	36.128
2010-06-18	10.147	11.293	33.420
2010-06-21	11.098	11.228	34.095
2010-06-22	11.929	11.462	42.220
2010-06-23	12.055	11.660	46.043
2010-06-24	12.067	11.795	45.639
2010-06-25	11.679	11.757	42.735
2010-06-28	10.867	11.460	37.180
2010-06-29	8.723	10.548	26.743
2010-06-30	7.379	9.492	15.933
2010-07-01	5.953	8.312	8.638
2010-07-02	6.228	7.618	7.465
2010-07-05	6.009	7.081	10.105
2010-07-06	6.888	7.017	14.173
2010-07-07	7.924	7.319	21.467
2010-07-08	8.795	7.811	27.035
2010-07-09	11.268	8.964	34.644
2010-07-12	13.800	10.576	45.529
2010-07-13	14.749	11.967	51.334
2010-07-14	16.131	13.355	53.562
2010-07-15	15.993	14.234	52.861
2010-07-16	16.049	14.839	48.628
2010-07-19	17.951	15.876	49.336
2010-07-20	21.222	17.658	57.534
2010-07-21	24.734	20.017	67.813
2010-07-22	28.728	22.921	77.970
2010-07-23	32.369	26.070	88.489
2010-07-26	36.255	29.465	97.177
2010-07-27	40.857	33.262	102.173
2010-07-28	47.242	37.922	104.984
2010-07-29	53.019	42.955	106.967
2010-07-30	58.582	48.164	106.799
2010-08-02	64.813	53.713	106.523
2010-08-03	67.482	58.303	103.552
2010-08-04	71.367	62.658	98.230
2010-08-05	73.507	66.274	93.428
2010-08-06	77.271	69.940	91.344
2010-08-09	81.053	73.644	93.494
2010-08-10	79.866	75.718	90.349
2010-08-11	79.582	77.006	83.412
2010-08-12	77.610	77.207	77.163
2010-08-13	77.735	77.383	72.837
2010-08-16	80.833	78.533	76.127
2010-08-17	83.868	80.311	82.892
2010-08-18	85.928	82.184	86.392
2010-08-19	88.012	84.126	88.180
2010-08-20	87.289	85.181	83.855
2010-08-23	86.557	85.640	73.422
2010-08-24	86.544	85.941	66.580
2010-08-25	83.722	85.202	54.970
2010-08-26	81.826	84.076	39.961
2010-08-27	80.689	82.947	32.030
2010-08-30	81.973	82.623	34.548
2010-08-31	82.274	82.507	41.055
2010-09-01	81.683	82.232	41.366
2010-09-02	82.931	82.465	44.467
2010-09-03	83.909	82.946	51.828
2010-09-06	86.830	84.241	63.278
2010-09-07	89.123	85.868	77.377
2010-09-08	90.798	87.512	86.438
2010-09-09	90.116	88.380	86.160
2010-09-10	89.926	88.895	80.868
2010-09-13	91.079	89.623	81.256
2010-09-14	92.011	90.419	84.643
2010-09-15	90.886	90.575	80.346
2010-09-16	87.389	89.513	62.481
2010-09-17	84.158	87.728	41.209
2010-09-20	80.654	85.370	25.802
2010-09-21	77.344	82.695	15.764
2010-09-27	77.002	80.797	15.618
2010-09-28	75.676	79.090	19.224
2010-09-29	74.572	77.584	19.422
2010-09-30	76.537	77.235	27.037
2010-10-08	80.725	78.398	46.602
2010-10-11	83.814	80.203	66.758
2010-10-12	86.962	82.456	81.526
2010-10-13	89.541	84.818	92.778
2010-10-14	89.833	86.489	97.862
2010-10-15	91.866	88.282	100.927
2010-10-18	90.680	89.081	101.674
2010-10-19	91.527	89.896	100.592
2010-10-20	91.687	90.493	101.037
2010-10-21	90.934	90.640	99.508
2010-10-22	89.975	90.418	96.820
2010-10-25	91.975	90.937	97.270
2010-10-26	92.328	91.401	98.986
2010-10-27	90.860	91.221	96.758
2010-10-28	89.510	90.650	92.965
2010-10-29	87.890	89.730	89.384
2010-11-01	89.550	89.670	89.369
2010-11-02	89.958	89.766	91.454
2010-11-03	89.734	89.755	91.201
2010-11-04	91.687	90.399	92.739
2010-11-05	92.896	91.232	95.655
2010-11-08	94.277	92.247	97.649
2010-11-09	94.560	93.018	98.096
2010-11-10	94.103	93.380	95.516
2010-11-11	94.011	93.590	92.581
2010-11-12	88.642	91.941	80.486
2010-11-15	85.293	89.725	60.448
2010-11-16	78.703	86.051	39.278
2010-11-17	71.614	81.239	19.120
2010-11-18	66.811	76.430	7.590
2010-11-19	63.723	72.194	4.055
2010-11-22	61.115	68.501	4.299
2010-11-23	57.199	64.734	2.623
2010-11-24	55.099	61.522	1.461
2010-11-25	54.670	59.238	4.985
2010-11-26	53.459	57.312	8.584
2010-11-29	52.316	55.647	9.816
2010-11-30	49.896	53.730	9.778
2010-12-01	48.066	51.842	9.257
2010-12-02	47.260	50.315	10.328
2010-12-03	46.577	49.069	12.252
2010-12-06	46.511	48.216	14.456
2010-12-07	47.068	47.834	17.783
2010-12-08	46.623	47.430	19.773
2010-12-09	45.040	46.633	18.030
2010-12-10	44.756	46.007	16.885
2010-12-13	47.200	46.405	26.996
2010-12-14	49.290	47.367	43.800
2010-12-15	50.451	48.395	59.679
2010-12-16	50.845	49.211	72.382
2010-12-17	50.738	49.720	78.655
2010-12-20	49.258	49.566	77.194
2010-12-21	49.812	49.648	76.878
2010-12-22	49.366	49.554	79.126
2010-12-23	46.460	48.523	74.572
2010-12-24	40.880	45.975	66.076
2010-12-27	33.755	41.902	51.341
2010-12-28	27.118	36.974	32.424
2010-12-29	22.986	32.311	19.724
2010-12-30	20.027	28.216	14.647
2010-12-31	19.744	25.392	16.972
2011-01-04	21.434	24.073	27.929
2011-01-05	22.182	23.442	38.717
2011-01-06	22.161	23.015	43.539
2011-01-07	22.773	22.934	46.889
2011-01-10	21.241	22.370	46.024
2011-01-11	20.543	21.761	41.999
2011-01-12	20.726	21.416	42.022
2011-01-13	21.147	21.326	44.316
2011-01-14	19.922	20.858	43.596
2011-01-17	16.260	19.325	33.574
2011-01-18	14.026	17.559	21.622
2011-01-19	14.190	16.436	19.457
2011-01-20	11.412	14.761	16.025
2011-01-21	10.978	13.500	11.631
2011-01-24	9.877	12.293	11.568
2011-01-25	8.511	11.032	8.895
2011-01-26	8.612	10.225	9.261
2011-01-27	10.229	10.227	17.113
2011-01-28	11.920	10.791	27.189
2011-01-31	16.824	12.802	38.440
2011-02-01	21.404	15.669	50.846
2011-02-09	25.237	18.859	57.531
2011-02-10	31.480	23.066	63.803
2011-02-11	37.135	27.755	73.205
2011-02-14	46.832	34.114	83.761
2011-02-15	54.597	40.942	92.012
2011-02-16	62.585	48.156	96.976
2011-02-17	69.181	55.164	101.620
2011-02-18	72.502	60.944	102.095
2011-02-21	77.495	66.461	102.279
2011-02-22	75.713	69.545	98.303
2011-02-23	74.790	71.293	89.594
2011-02-24	75.181	72.589	84.973
2011-02-25	75.490	73.556	82.767
2011-02-28	77.610	74.908	83.077
2011-03-01	80.287	76.701	86.188
2011-03-02	82.066	78.489	88.756
2011-03-03	82.724	79.901	89.041
2011-03-04	86.027	81.943	91.292
2011-03-07	88.573	84.153	95.624
2011-03-08	90.760	86.355	98.535
2011-03-09	92.044	88.251	99.894
2011-03-10	90.503	89.002	96.212
2011-03-11	87.939	88.648	86.289
2011-03-14	86.106	87.800	75.409
2011-03-15	82.279	85.960	61.908
2011-03-16	81.189	84.370	51.407
2011-03-17	78.405	82.382	44.586
2011-03-18	76.725	80.496	37.354
2011-03-21	75.510	78.834	34.224
2011-03-22	75.108	77.592	34.004
2011-03-23	76.460	77.215	39.064
2011-03-24	77.441	77.290	45.820
2011-03-25	80.000	78.194	54.077
2011-03-28	82.401	79.596	64.678
2011-03-29	82.842	80.678	69.398
2011-03-30	83.063	81.473	68.903
2011-03-31	81.663	81.536	64.551
2011-04-01	82.784	81.952	62.987
2011-04-06	85.618	83.174	71.429
2011-04-07	88.245	84.865	82.469
2011-04-08	90.538	86.756	91.218
2011-04-11	90.581	88.031	93.874
2011-04-12	90.546	88.869	91.683
2011-04-13	91.976	89.905	92.664
2011-04-14	92.730	90.846	95.239
2011-04-15	93.585	91.759	96.287
2011-04-18	94.369	92.629	97.315
2011-04-19	92.126	92.461	91.358
2011-04-20	90.724	91.882	81.276
2011-04-21	90.491	91.419	77.403
2011-04-22	89.475	90.771	74.021
2011-04-25	85.445	88.995	62.376
2011-04-26	80.299	86.097	44.507
2011-04-27	74.994	82.396	27.828
2011-04-28	68.253	77.681	13.635
2011-04-29	64.452	73.272	6.418
2011-05-03	61.151	69.231	8.389
2011-05-04	52.055	63.506	6.675
2011-05-05	44.554	57.189	1.697
2011-05-06	38.169	50.849	0.855
2011-05-09	33.798	45.165	2.060
2011-05-10	31.861	40.730	5.783
2011-05-11	29.692	37.051	9.747
2011-05-12	24.580	32.894	8.608
2011-05-13	22.962	29.583	7.125
2011-05-16	19.799	26.322	6.976
2011-05-17	18.403	23.682	6.332
2011-05-18	18.911	22.092	9.572
2011-05-19	18.245	20.810	13.058
2011-05-20	17.621	19.747	14.262
2011-05-23	14.330	17.941	11.685
2011-05-24	12.845	16.243	8.129
2011-05-25	10.543	14.343	5.885
2011-05-26	8.554	12.413	2.832
2011-05-27	6.921	10.583	0.582
2011-05-30	6.444	9.203	0.473
2011-05-31	8.025	8.810	5.100
2011-06-01	9.295	8.972	11.960
2011-06-02	8.902	8.948	14.809
2011-06-03	9.756	9.218	16.644
2011-06-07	11.272	9.902	21.585
2011-06-08	12.791	10.865	27.040
2011-06-09	11.604	11.111	26.780
2011-06-10	10.944	11.056	22.673
2011-06-13	10.312	10.808	20.187
2011-06-14	11.297	10.971	21.075
2011-06-15	10.848	10.930	22.137
2011-06-16	8.736	10.199	16.998
2011-06-17	7.056	9.151	10.008
2011-06-20	6.094	8.132	5.945
2011-06-21	6.430	7.565	6.192
2011-06-22	6.824	7.318	10.652
2011-06-23	8.844	7.826	20.877
2011-06-24	13.000	9.551	41.395
2011-06-27	16.851	11.984	64.859
2011-06-28	19.975	14.648	81.926
2011-06-29	21.128	16.808	89.168
2011-06-30	23.522	19.046	93.198
2011-07-01	25.318	21.137	98.254
2011-07-04	29.098	23.790	102.601
2011-07-05	32.276	26.619	107.176
2011-07-06	35.146	29.461	108.961
2011-07-07	36.752	31.892	106.727
2011-07-08	38.202	33.995	102.716
2011-07-11	39.648	35.879	100.301
2011-07-12	39.033	36.930	94.018
2011-07-13	41.495	38.452	88.672
2011-07-14	44.589	40.498	90.262
2011-07-15	47.897	42.964	93.647
2011-07-18	51.075	45.668	96.282
2011-07-19	52.396	47.910	95.396
2011-07-20	53.892	49.904	92.116
2011-07-21	53.940	51.249	86.222
2011-07-22	54.321	52.273	77.853
2011-07-25	48.892	51.146	58.760
2011-07-26	45.546	49.279	36.079
2011-07-27	44.300	47.620	26.134
2011-07-28	42.600	45.946	20.625
2011-07-29	40.724	44.206	14.369
2011-08-01	39.373	42.595	9.951
2011-08-02	36.497	40.562	7.402
2011-08-03	34.140	38.421	5.746
2011-08-04	32.660	36.501	5.727
2011-08-05	27.755	33.586	4.988
2011-08-08	23.831	30.334	2.864
2011-08-09	23.606	28.091	4.575
2011-08-10	24.613	26.932	10.318
2011-08-11	27.080	26.981	17.591
2011-08-12	29.653	27.872	25.197
2011-08-15	33.437	29.727	32.993
2011-08-16	35.509	31.654	39.420
2011-08-17	36.811	33.373	42.621
2011-08-18	35.706	34.151	42.318
2011-08-19	33.532	33.945	38.798
2011-08-22	30.842	32.911	34.281
2011-08-23	30.651	32.157	33.650
2011-08-24	29.834	31.383	35.606
2011-08-25	32.991	31.919	41.625
2011-08-26	35.358	33.065	51.127
2011-08-29	35.414	33.848	55.007
2011-08-30	34.954	34.217	54.933
2011-08-31	34.625	34.353	54.502
2011-09-01	33.781	34.162	53.162
2011-09-02	31.679	33.335	50.838
2011-09-05	27.453	31.374	43.925
2011-09-06	23.650	28.799	33.352
2011-09-07	22.948	26.849	28.453
2011-09-08	21.506	25.068	26.408
2011-09-09	20.291	23.476	22.982
2011-09-13	17.960	21.637	18.125
2011-09-14	16.790	20.022	15.281
2011-09-15	15.558	18.534	16.222
2011-09-16	14.741	17.269	17.344
2011-09-19	11.824	15.454	13.698
2011-09-20	10.512	13.807	8.593
2011-09-21	12.720	13.444	14.735
2011-09-22	10.993	12.627	18.663
2011-09-23	10.342	11.866	15.161
2011-09-26	8.660	10.797	11.791
2011-09-27	8.303	9.966	9.148
2011-09-28	7.033	8.988	7.475
2011-09-29	5.915	7.964	4.332
2011-09-30	5.192	7.040	2.515
2011-10-10	4.403	6.161	1.395
2011-10-11	4.539	5.620	2.395
2011-10-12	7.697	6.313	12.812
2011-10-13	11.152	7.926	29.567
2011-10-14	13.786	9.879	42.227
2011-10-17	16.551	12.103	50.903
2011-10-18	16.419	13.542	52.114
2011-10-19	16.020	14.368	46.592
2011-10-20	13.579	14.105	37.212
2011-10-21	11.035	13.082	24.662
2011-10-24	11.942	12.702	20.609
2011-10-25	14.789	13.397	27.727
2011-10-26	17.975	14.923	38.399
2011-10-27	20.940	16.929	49.487
2011-10-28	26.606	20.155	64.743
2011-10-31	31.072	23.794	80.152
2011-11-01	34.752	27.447	89.150
2011-11-02	39.768	31.554	96.546
2011-11-03	44.021	35.710	100.989
2011-11-04	48.652	40.024	102.777
2011-11-07	51.233	43.760	103.454
2011-11-08	52.935	46.818	101.140
2011-11-09	56.397	50.011	100.438
2011-11-10	56.258	52.094	97.318
2011-11-11	56.246	53.478	90.801
2011-11-14	59.315	55.423	90.529
2011-11-15	61.837	57.561	94.610
2011-11-16	59.797	58.307	91.606
2011-11-17	57.912	58.175	83.250
2011-11-18	53.400	56.584	72.763
2011-11-21	49.732	54.300	61.146
2011-11-22	46.635	51.745	49.719
2011-11-23	43.641	49.044	33.231
2011-11-24	41.425	46.504	19.153
2011-11-25	38.982	43.997	10.141
2011-11-28	37.794	41.929	2.701
2011-11-29	39.402	41.087	2.287
2011-11-30	33.808	38.661	2.444
2011-12-01	33.989	37.103	4.380
2011-12-02	31.852	35.353	8.868
2011-12-05	27.753	32.820	7.220
2011-12-06	23.836	29.825	3.930
2011-12-07	21.297	26.982	2.779
2011-12-08	19.359	24.441	3.310
2011-12-09	16.566	21.816	3.014
2011-12-12	13.358	18.997	0.726
2011-12-13	10.873	16.289	-1.549
2011-12-14	8.942	13.840	-2.716
2011-12-15	7.234	11.638	-3.372
2011-12-16	8.742	10.673	0.237
2011-12-19	9.863	10.403	7.164
2011-12-20	10.635	10.480	12.131
2011-12-21	9.921	10.294	13.401
2011-12-22	9.841	10.143	12.949
2011-12-23	10.731	10.339	14.726
2011-12-26	10.686	10.454	16.225
2011-12-27	9.415	10.108	14.268
2011-12-28	9.319	9.845	12.369
2011-12-29	9.419	9.703	12.626
2011-12-30	10.783	10.063	15.818
2012-01-04	10.383	10.170	18.386
2012-01-05	9.023	9.787	15.918
2012-01-06	8.741	9.438	13.937
2012-01-09	11.608	10.162	20.274
2012-01-10	16.863	12.395	37.795
2012-01-11	20.588	15.126	57.055
2012-01-12	23.516	17.923	72.229
2012-01-13	24.353	20.066	80.219
2012-01-16	23.123	21.085	76.239
2012-01-17	26.700	22.957	79.433
2012-01-18	27.979	24.631	87.320
2012-01-19	30.471	26.578	90.434
2012-01-20	33.606	28.921	96.939
2012-01-30	34.427	30.756	98.406
2012-01-31	35.470	32.327	95.816
2012-02-01	35.125	33.260	91.693
2012-02-02	37.064	34.528	90.636
2012-02-03	39.505	36.187	95.164
2012-02-06	41.494	37.956	98.264
2012-02-07	41.130	39.014	95.713
2012-02-08	43.611	40.546	94.380
2012-02-09	45.824	42.306	96.946
2012-02-10	49.197	44.603	97.333
2012-02-13	53.238	47.481	97.040
2012-02-14	57.174	50.712	95.221
2012-02-15	61.830	54.418	94.544
2012-02-16	64.879	57.905	94.842
2012-02-17	67.340	61.050	93.820
2012-02-20	69.750	63.950	92.404
2012-02-21	72.904	66.935	92.652
2012-02-22	76.950	70.273	95.323
2012-02-23	80.597	73.714	96.864
2012-02-24	84.455	77.295	97.931
2012-02-27	85.752	80.114	96.491
2012-02-28	87.068	82.432	92.868
2012-02-29	86.768	83.877	88.504
2012-03-01	86.391	84.715	82.848
2012-03-02	88.090	85.840	82.010
2012-03-05	88.541	86.740	83.255
2012-03-06	86.903	86.795	78.923
2012-03-07	84.687	86.092	70.369
2012-03-08	84.389	85.524	63.797
2012-03-09	85.260	85.436	63.316
2012-03-12	85.691	85.521	65.237
2012-03-13	87.246	86.096	68.875
2012-03-14	84.756	85.649	64.750
2012-03-15	81.753	84.351	49.170
2012-03-16	81.143	83.281	39.821
2012-03-19	80.969	82.511	39.091
2012-03-20	78.902	81.308	34.562
2012-03-21	77.327	79.981	24.595
2012-03-22	75.926	78.629	15.719
2012-03-23	73.288	76.849	8.167
2012-03-26	71.239	74.979	2.598
2012-03-27	69.402	73.120	-0.606
2012-03-28	64.328	70.189	-3.623
2012-03-29	58.377	66.252	-5.525
2012-03-30	53.633	62.045	-4.868
2012-04-05	50.425	58.172	0.550
2012-04-06	48.165	54.836	8.615
2012-04-09	44.885	51.519	12.988
2012-04-10	43.684	48.908	16.113
2012-04-11	42.940	46.918	20.452
2012-04-12	45.317	46.385	27.540
2012-04-13	46.152	46.307	36.930
2012-04-16	46.639	46.418	43.864
2012-04-17	45.162	45.999	49.412
2012-04-18	47.866	46.621	59.803
2012-04-19	49.840	47.694	72.062
2012-04-20	53.812	49.734	83.927
2012-04-23	55.442	51.636	92.937
2012-04-24	56.766	53.346	95.404
2012-04-25	59.348	55.347	98.266
2012-04-26	61.236	57.310	101.593
2012-04-27	62.036	58.885	102.073
2012-05-02	66.244	61.338	102.411
2012-05-03	69.750	64.142	103.882
2012-05-04	73.566	67.283	105.111
2012-05-07	76.613	70.393	106.022
2012-05-08	78.791	73.193	105.933
2012-05-09	77.119	74.502	100.854
2012-05-10	75.921	74.975	92.897
2012-05-11	73.670	74.540	84.978
2012-05-14	70.662	73.247	73.616
2012-05-15	67.757	71.417	59.153
2012-05-16	63.005	68.613	41.093
2012-05-17	61.974	66.400	29.671
2012-05-18	58.237	63.679	21.246
2012-05-21	55.651	61.003	11.112
2012-05-22	55.720	59.242	10.836
2012-05-23	54.932	57.805	13.859
2012-05-24	53.235	56.282	12.707
2012-05-25	50.388	54.317	7.779
2012-05-28	50.489	53.041	8.911
2012-05-29	52.987	53.023	20.816
2012-05-30	54.561	53.536	32.770
2012-05-31	54.756	53.943	38.672
2012-06-01	55.016	54.300	41.153
2012-06-04	49.675	52.758	33.717
2012-06-05	45.690	50.402	20.336
2012-06-06	42.911	47.905	12.496
2012-06-07	39.134	44.981	6.896
2012-06-08	35.007	41.657	2.661
2012-06-11	34.016	39.110	3.878
2012-06-12	31.702	36.640	6.670
2012-06-13	32.607	35.296	11.909
2012-06-14	31.158	33.916	16.826
2012-06-15	31.029	32.954	18.156
2012-06-18	31.797	32.569	22.746
2012-06-19	30.969	32.035	24.845
2012-06-20	29.557	31.209	22.092
2012-06-21	25.056	29.158	16.883
2012-06-25	20.136	26.151	10.513
2012-06-26	17.561	23.287	7.130
2012-06-27	15.089	20.555	6.233
2012-06-28	12.108	17.739	3.802
2012-06-29	12.457	15.978	4.697
2012-07-02	12.787	14.915	9.351
2012-07-03	13.284	14.371	14.138
2012-07-04	13.540	14.094	19.343
2012-07-05	11.785	13.325	19.485
2012-07-06	12.266	12.972	19.313
2012-07-09	9.967	11.970	17.540
2012-07-10	8.493	10.811	11.651
2012-07-11	8.059	9.894	9.627
2012-07-12	8.627	9.471	11.317
2012-07-13	9.108	9.350	14.249
2012-07-16	7.404	8.702	12.519
2012-07-17	7.186	8.196	9.537
2012-07-18	7.674	8.022	10.941
2012-07-19	9.063	8.369	15.540
2012-07-20	9.146	8.628	19.276
2012-07-23	7.686	8.314	17.022
2012-07-24	7.121	7.916	14.094
2012-07-25	6.038	7.290	11.957
2012-07-26	4.955	6.512	7.939
2012-07-27	4.515	5.846	5.633
2012-07-30	3.762	5.152	4.148
2012-07-31	3.241	4.515	2.332
2012-08-01	4.170	4.400	4.323
2012-08-02	4.082	4.294	7.112
2012-08-03	5.487	4.691	10.985
2012-08-06	8.121	5.835	21.736
2012-08-07	10.412	7.361	35.981
2012-08-08	12.476	9.066	48.739
2012-08-09	15.021	11.051	60.743
2012-08-10	16.696	12.933	70.263
2012-08-13	15.802	13.889	68.268
2012-08-14	15.528	14.435	60.819
2012-08-15	13.705	14.192	51.542
2012-08-16	11.795	13.393	38.300
2012-08-17	10.453	12.413	28.574
2012-08-20	9.747	11.524	23.586
2012-08-21	10.238	11.096	23.649
2012-08-22	9.751	10.647	24.010
2012-08-23	9.808	10.367	23.137
2012-08-24	8.107	9.614	18.909
2012-08-27	6.510	8.579	10.412
2012-08-28	6.724	7.961	7.468
2012-08-29	5.486	7.136	5.857
2012-08-30	5.760	6.677	4.413
2012-08-31	5.632	6.329	5.585
2012-09-03	6.325	6.328	7.566
2012-09-04	5.851	6.169	8.548
2012-09-05	5.308	5.882	6.719
2012-09-06	6.009	5.924	7.211
2012-09-07	13.603	8.484	20.478
2012-09-10	20.692	12.553	42.916
2012-09-11	25.035	16.714	60.824
2012-09-12	29.065	20.831	74.019
2012-09-13	30.790	24.150	80.768
2012-09-14	33.419	27.240	84.340
2012-09-17	31.318	28.599	80.426
2012-09-18	27.955	28.385	65.515
2012-09-19	26.273	27.681	52.866
2012-09-20	21.190	25.517	38.703
2012-09-21	17.801	22.945	23.262
2012-09-24	17.129	21.007	16.636
2012-09-25	16.189	19.401	14.554
2012-09-26	13.422	17.408	9.909
2012-09-27	16.445	17.087	11.606
2012-09-28	21.899	18.691	24.926
2012-10-08	25.077	20.819	36.960
2012-10-09	31.735	24.458	49.513
2012-10-10	37.537	28.818	64.652
2012-10-11	41.132	32.922	73.077
2012-10-12	44.799	36.881	76.355
2012-10-15	47.030	40.264	78.091
2012-10-16	48.828	43.119	78.736
2012-10-17	51.034	45.757	80.093
2012-10-18	55.739	49.084	85.697
2012-10-19	59.121	52.430	92.692
2012-10-22	62.329	55.730	97.257
2012-10-23	62.831	58.097	97.850
2012-10-24	63.406	59.867	95.309
2012-10-25	62.241	60.658	91.240
2012-10-26	57.319	59.545	80.595
2012-10-29	52.562	57.217	66.591
2012-10-30	49.141	54.525	56.301
2012-10-31	47.140	52.063	50.824
2012-11-01	49.549	51.225	53.528
2012-11-02	53.929	52.126	61.596
2012-11-05	58.886	54.380	66.590
2012-11-06	61.749	56.836	66.687
2012-11-07	64.002	59.225	64.710
2012-11-08	61.101	59.850	54.831
2012-11-09	58.445	59.382	39.006
2012-11-12	57.722	58.829	30.185
2012-11-13	52.831	56.830	21.336
2012-11-14	49.953	54.538	12.426
2012-11-15	44.197	51.091	5.957
2012-11-16	37.454	46.545	0.733
2012-11-19	32.811	41.967	0.711
2012-11-20	28.018	37.317	1.182
2012-11-21	27.106	33.914	4.358
2012-11-22	24.413	30.747	8.192
2012-11-23	23.830	28.441	10.908
2012-11-26	22.039	26.307	13.465
2012-11-27	17.739	23.451	10.269
2012-11-28	14.792	20.565	5.283
2012-11-29	12.016	17.715	2.107
2012-11-30	11.912	15.781	2.072
2012-12-03	9.739	13.767	2.288
2012-12-04	10.515	12.683	3.232
2012-12-05	17.157	14.174	14.424
2012-12-06	22.187	16.845	30.705
2012-12-07	29.664	21.118	49.414
2012-12-10	37.976	26.737	70.885
2012-12-11	43.664	32.380	86.030
2012-12-12	49.066	37.942	95.458
2012-12-13	51.134	42.339	99.248
2012-12-14	60.723	48.467	101.820
2012-12-17	67.740	54.891	106.109
2012-12-18	72.377	60.720	106.691
2012-12-19	76.069	65.836	105.414
2012-12-20	79.544	70.405	104.491
2012-12-21	80.556	73.789	102.050
2012-12-24	81.843	76.473	98.582
2012-12-25	84.983	79.310	98.555
2012-12-26	87.887	82.169	100.880
2012-12-27	88.289	84.209	100.620
2012-12-28	90.517	86.312	100.174
2012-12-31	92.390	88.338	101.742
2013-01-04	92.809	89.828	101.588
2013-01-07	93.627	91.095	100.623
2013-01-08	93.745	91.978	99.435
2013-01-09	93.798	92.585	97.569
2013-01-10	94.320	93.163	96.587
2013-01-11	92.392	92.906	92.724
2013-01-14	93.594	93.135	90.637
2013-01-15	94.505	93.592	93.363
2013-01-16	94.389	93.858	93.924
2013-01-17	93.014	93.576	89.544
2013-01-18	93.591	93.581	86.585
2013-01-21	94.635	93.933	89.375
2013-01-22	94.638	94.168	90.842
2013-01-23	94.939	94.425	90.724
2013-01-24	93.033	93.961	87.035
2013-01-25	90.961	92.961	79.199
2013-01-28	91.974	92.632	77.555
2013-01-29	93.347	92.870	82.886
2013-01-30	94.618	93.453	88.708
2013-01-31	95.405	94.104	92.549
2013-02-01	96.234	94.814	95.087
2013-02-04	96.489	95.372	96.384
2013-02-05	96.896	95.880	96.699
2013-02-06	97.222	96.327	97.345
2013-02-07	96.835	96.497	96.096
2013-02-08	97.037	96.677	94.824
2013-02-18	96.691	96.682	93.922
2013-02-19	94.854	96.073	86.647
2013-02-20	93.961	95.369	78.033
2013-02-21	90.370	93.702	65.095
2013-02-22	87.021	91.475	45.006
2013-02-25	84.813	89.254	30.397
2013-02-26	81.735	86.748	17.919
2013-02-27	80.075	84.524	8.263
2013-02-28	80.862	83.303	11.941
2013-03-01	81.095	82.567	21.289
2013-03-04	76.837	80.657	19.478
2013-03-05	75.839	79.051	16.696
2013-03-06	75.604	77.902	23.541
2013-03-07	74.228	76.678	28.412
2013-03-08	72.833	75.396	28.802
2013-03-11	71.300	74.031	27.710
2013-03-12	68.764	72.275	23.503
2013-03-13	63.030	69.193	16.137
2013-03-14	58.860	65.749	10.035
2013-03-15	56.063	62.520	7.981
2013-03-18	51.282	58.774	5.082
2013-03-19	48.448	55.332	3.053
2013-03-20	50.204	53.623	12.669
2013-03-21	52.070	53.105	30.018
2013-03-22	51.979	52.730	45.971
2013-03-25	51.776	52.412	58.124
2013-03-26	49.200	51.341	61.562
2013-03-27	45.868	49.517	59.683
2013-03-28	37.097	45.377	48.668
2013-03-29	30.401	40.385	31.397
2013-04-01	24.973	35.248	19.924
2013-04-02	20.629	30.375	12.106
2013-04-03	17.211	25.987	6.985
2013-04-08	16.110	22.694	6.350
2013-04-09	16.304	20.564	10.719
2013-04-10	16.485	19.204	16.014
2013-04-11	16.132	18.180	19.048
2013-04-12	14.883	17.081	18.768
2013-04-15	12.246	15.470	14.238
2013-04-16	11.881	14.273	11.255
2013-04-17	11.513	13.353	12.024
2013-04-18	11.491	12.733	13.004
2013-04-19	14.846	13.437	19.744